13113111. 1. cz. A 1111133111 11111111 1311131111. 971

Rom> 3 Zabjegeninnzen 13 Siedem Gnnnalnwnn 11 addig 3 3311113, 31131 3.
3311111311313333311333311311, 13111331 1111113 3113333311ιί 1311 (3 nnn-¹

11 3131311311311111111133113131311 131, 13 3 33133331 11311111-333111 113133131311 1111113
1333111113111331113131131131311111131333113 11111 13111131 1111311111 113131111313111331111113113
1111333113 113311111 111 11331111 3313 311131 33131131311131, 3 13311 3131131 113313131311313311131
kndlfflevbben, longyel 13113131 1113331 1113113131131311113 3 1111331, 1131311133 13 Biana 1131131331

1113 3.

Α 111113113131113133313133113111133311333131111133131131311131311 11133111333131131111133
113133111-33131 [a 31311131 1111111 13133133 13131311 nonan: 1133331 313313311311111 1313113 131ἴὸ
11313 11311-3313 1111313311 3 11311311113131 111331, 3 11111111 1113113111, 11331 3 13331 11113 1311131
1111111311ιί133 3 1111331, Β31131131 13 1113113 131131331131 333 3113131 11331. Ι

[1331113313 nebeten 1311311 111, hngy 113133131311 3 13111333 131131131331 1111311113 3311313 3
1131331113311113131313111113133 11313 11331 333313 3 113133111-33131 131111 3311113 13111, 111331 11113,
ἰ1111111111111111111111111111111111 1111111111111111 1311113131
3331 1113111111 13113131. Erre 1333113111 1113311111 11331 1111113131131113131 3313131133 3133 1113311113
111 1133, 11331 3133131 1131111 13133113133131 11113 13111131 1111111, 13131333 3311131111 33131331311111
111111133131131131, 1131311131 31331133 1311 11111 1111113 11113 131111 131311 (1311311133 13113111. 113311-
[agna 3311 13111111 133131131131111 - 3113 1311311311 minden 1113311111 11113311331133333131131
31113 3113 31111313 311 33311 13133, mint 3133131 - 3131113131 1111111133 3113311 1113113113113 3313
13311311 13 3 11133331 13131 31131113.

131311111131111131133131311. 1333313131 533331-Τό111-1113 11111331313133333113331131111331
111311 131311313331, 311131 3131 (1313111331 13311113 11311111 1111131 11333131113313311173. 111
3113133131 18-131311131361 3113131131 311111 1111111 31113311, 3 31311 333313131331331333111113-
nen nemznknzijngi 1331113111 3113113.

1133 111113, 3 131311 3331113131 31111, 1333131313113 113111Ιό 111331 1311,1333111331131331111131111
a 33131113131111113313111313 13111311131331311133 3331 1311 11131311; 3331113313 111131333331
¹³:¹⁸1ss n‘geegnn-Tnnfik-[nle 11111331 1111311111 313331111311331 333133111131113 13 33331 1111111113

3 13 3131.

111311113311111-31331311313331 11111331 113111131311133 313131 8333331113 1111113111131131331-
1311311,3613131 nnn 33333111) 1311113131 33313131 11331313131131131, 31131 3111131 31, 3 13313311133131·
1113311131 1831, 18511, 18113. (evi 11113 1113131331 311111113131113 1311113 11131113 3 jelen 111313-
113111131311131 13 3 1333131 13133 1111131111.

A bbi 1111133133 3 1113113-13111 nnn 1131111111 3131311113. 11331133 1333 3131111113, hog 3
1113111311313131111131 1311 1313331, 3 11111131 33111 11313133 333113 13 3331113313 111111 31111131
1111331111313113 1113113-13111 31313111 11331313131. ,

1111311111 1113311313 31311313 113133111- 333 1ὀ13313311-3313131 333331111311111 113131 3 313113-
131γὸ 13 3 Ρ313313311-33131 1131 111113131311, 13131 3 hernon nonunt 131131313131113313 31331113-
3111111; 3113133331 133 13131111 31133 131311313, mint 3 131111 3 31111331 31 1131111 113333, 1331133
1313111133131 3313111131ῑό1 1313113 3311113, 1311 3113311311 3 1131113111 11131 11131331 (311313311131131-“
3111111333 33131-1311333 133.

1111133111 3313133131313111131 13331131113111113 1333131 1311131133 1113131111 13111133 1311113113
131111 3 31111 1311113313111113333131111 [31113331 3 1333331311 13311. 11111311131111133 3Ρ313313311-
3313111113311131 113111; 313 1111113111 13111113-3113133111 33131131 3113311133 31113311 1311113-
313 maros szint 1113311311. A 1111313311-331313113133111 33131 13131133111111111133111333131
1311111 13111]1113311,31331113 1313133 111313311111111 1113311113113 Biana 1111313111131131, 3113111331
a Podnknpffassi-pffilnk 313113 3 1131331111 33131331, 13131331 13131111 111331 3 313111ιό1 3313133 131131113-
taen 31 111. “

11333111113133 1113311333 3 1111313113 33113 1313111131311 11311111 11111331133 131133331313 13111, 3
3131111133 3 313113-13131 1331 3 1131331111 331313311331313313311 31311131 31 133131311131111131113
13111131111313813111-331, 1311111111 3133 1111111113311311, Ι11333 11111) 1111113311 3 1113313311 331311 3111313
nonan (131111111313313113331 13 1311113111 ns hngy 3 1113111313 3 11313 noda 1333131 11131133 313333
1313113131. A 313111ῑό3311 3313 31311113311333. 133131113113-13131 3131111313 111 1111111311 331313313-
31111313331111331311131333113113331133333331311 33131 13113111] 13 1111131111 3113133131, 1113111331
333113311133133111 33131 13133 3313111311, 31311111333113 3331 31331133 3 1131331111 33131,11111311113-
31311 13111331 3 3313 3 11131113, nenn pndig 33111133111331311113111131113111311111,31113311311
11111313133111113113311111111331331131111131 3131311 311313113131311113313131331 313311313113333
3111111111ιῦ enjn 13 13111113 1133 3331111111,11133111131113311111131133 Ι3331131131131311111 3113311113311111,
1111111311111111111111111111111111111111111111111111, nnn - nnn
13111311331111-31113113-13131 11131 1131331331 3 1131331111 3313111113 n 11131111-13111 1131131111 1
1131331111 3313113131311131311111 1311113131111. ·

0311111 1111111133 1313313131111113111313 131311113331 11131131. 3 111311 17851111 1189111 11111111 111111
13333113113313311111313111111113133311311, 13113111313111, 3111131 33111111 1131131131 1311131131Ι
1111131311 131. A 3133331 33133 111 13131131313313 ngynn 3 3133111113 31113311 31311 31111131 11311131
1311 31333331311, 3 111311 3111331-1113 1113111131 1113311311, mint 133 133311 11111313111131113111
sum 31311, 531 1311 13 8811 [1-11 1311311313131113 1331313111, 31331133 3 313111ιό nmen 3133331331

11311131 Τ111131111. 19113. Ῑ

 

