1903 : 111. 1. cz. A 11313131111161. 511·

A belfigyminisler, illetffleg megbizouj'a‚ 11113111 3 1331111 1131631111
1311331113 13111131 11 1111311113 11131131 3311131113, 3 1131131111

11131131311311111, 3 1113111111 3 1111311311, 1311311333 13 1 3311313133131131
3111111311 3113161111111)

111. FEJEZETw
Α 11111111-1111111111 3 a 1331313 1311 1013111111

211. A 1111311316 3 1111313161 3111111311 3331 3331616111 111111
11131111 3111111113 11111111 331111111131113)

25. 5. [1113111111 31 nem 11131113113111131. 1-1311 3311131111 31111131
311111113113 3131111131 111111 1113311)

2111. A 3131111113 331131 31311311, vagy 1133113311 3311131 31111311
13 1111111131161131 3133131111 3111111113 1111133111 113 3311311131
Ι11111113 3 111111131311 11113Ιῑ1113111ί11ἶκ3 131ἶί1113 3 11111113111111111111313131111-
313313 n« 3313,-3 11331 ψ 3 33111113 - 3 an 1111
1111133 3 1111311316,111311131ς 3 331111131331311 3 3131111111 3111111311
111311 8 3311 311113 111113113163111 1136 11311131111111311313113311331.

Α 3113111331 1111111111111111 1333133313
h Ι1. 1 31111116 1111111311 113111, 13 3 1111313116 131113 113111, 1311113 1111
oyen

2. az 31111111 13 31311 hely 331111111311, 11311 3 31111113 111·11131131311;

3. az 11131131 pomos 11161131331313111113111111131111111331111113111 113111
13 31 1111111113 1131111311 311111111313

1113311311 31 3311111311, 3 1111111 [1311131311 1113111131, 3111313 1111111-
13111, 3331131113111111 13 1131111313 1131131131, 311111111311311ς

5. 311131111331 13 1 1131611 11163131131111 3131111131 1111331 1311133331-
111111311 311331131 13 31313111Ι;

. ---..- .-.ο--.-,....-- -..- -- -ῥ-..η- . 4-...- .-. -

1111 22111 1-11311, 3 3111131313313111131111131311311133111) 3113163131 1111111111 313113 131-
1311111 1111111131ςῖ’1111113 1111113111 11111111111ῑ

«A 31111111 1113131111. 1111111111 33111113131311111. 1111111311 31111111311111 1111111111 131 11311111-
ι1111113131111111 111311111131113111111111113 131111113111111 1111111113 11133311 3111311 1111313311311 311611-
ὶοΗΥ111111118111111113131113. 1111111 3111131111, 11133111 1 11111111 1111111331 1111331111 11111311 3 1111ζ11-
111 1111311111 3151111111ιί 11111 3111113111131111, 11311111 1131113131 1311111 3 1113111111 1 31111111 13
1 1111311 31111311 1111111311 1111111111111.1

’1111111311 11111131 11311111 3111111113 1111111111ζ111111113113 313313311161 1311111111 311 111111

«(11. 1211 11313113311111113. 1111111319. 11113111.)

111133111111. 11111111311111 ,11 311111. §.,

1221111111ῑ1ἒ14111183ω31111111111 ἒς 11111113111111111]1111118Γ111ῐ191111111ξυ111111111111111111111 11111111 1311113111.
1111231111λ11111113111 111111131131111111 1311131111131113111 3 1111111131111111 1311 11111 1113331113
3 3 113113.

οἱ 11311613 11. §- megkiiveteli. 13111 a 1111111311 1 1111111131111111 11111311 1131161131 1133111, 113111
1111 1 1311111111 1111133 131311 31111111. 3 [111111111311111113111311 131113311331111ς 31111 Ι111131113111
1113111111 11313113 1311131 111311111311111311113131113, 3111111 1131 1111111 31331111 11111111111131111111
1313113311 111131111111111 (11111, 111111

131111. 1. 3313113113 3113111111311 1111111131111 v. 1. 11. 1. 3. p.

1111 11. §- mvgtiltja 3 311111111111131311 11111631111111, 111 111311113111331113111111111111-
1311131131 111111113331111311113113 11111131,

1111111113 3 11111111 1. 13 3. §Aban foglalt 1111111311311111111 1311 13111111 1311331113 13 11 311-
{m -ῶν, 1. 3111111 31. 1., 3 911. 1-1113131111111111133 1111113131 111131131611.1.111111 (1.
⁴· Ρη · 11

 

