1903 :1. 1. cz. A 33311131333333111333 3333331133133333133133. 111

3313111131 1313311313 33 3 3313111131 11133331311113331133111333 3 1. 33111 31131-
1333333 131131313131;

A) 331311333331133111133 3 31133 133333311311113131311;

e) 3 jelen 333331333133 33331 nem 3333 31131331 33333331333333313333-
133 3313 33311313333 13331 1311 3131313131 133333331333.

113 3113333 133113 13133313 1333 3333333311331,1313331331,3333331111311133
1333313331333131 3 1111331333 1313333313 33313131, 3 11131331 13313331 3
33333333 3131331131, 13113111 3 13111 3113111311133 is, 3 3331331333111333313-
1333313 33 3131133111333 33331133331.

113 31333 3333311333331 333331311333331 1131331333 3311313133 3 magas
3333311113 13131 (113131131131 31311 1333111 133131 3 belga 133133333331 3113311
3331133 13311113 13113133 333311333131 3 13333333131 331133131313133 3331313·-
3313131 3 1331331 3 3331331133313313133333 113333 333333311131 3333331311
333331 11333 3133113133 13331131, 3313131111 3331313 313113311131 33313131 13
3 1331331 333131 3333313333 13133333 33331133331

A 313333333ηόἀὸ 13131 31133333113333111113131131 1333 333 1111133131
33 31311333 3311131133333131131 13131 1333133133 3 1133113331311.

1333131333 1133333333333 1111113 33333333 13131131 133131 1311313111.

A 1133113313 3133333 113313113311311 sog 3333311111 3 belga 1133311333 133113-
3333333333133313111333111 1313313131 3 331311 3333313313 113131313 13313
3311.

A 1133113313 11331333 3331 3 1311331133313331133113333313331333313331333.
1133333133 3 1333333113 13333, 3 3131331 31333 1331331131331, 1313111331 sog
13331, 111313 3 belga 133111333133 1333 1313333113 3 1113133133 31311111 sog 111-
3111111 33 3333131131131131131. A magas 333333331313133311313111333333333
3 belga 1331113113 3311133311ῑί3 3333333331313113333 113331333131, 3 111313 3
5331133331 1313133 3311333311 113133333131 33 131331333331 131131313133

3111331 og.

11133333131131 3 b) 33 a) 3131131 33331311313331133113331 33 1133331133313
33333333 3113133133 33333 13131333 3311331131; 333133113333 a 113311333333-
1311333331 1313333, minden 3333311113 3113131131 3333 333333313133311333
13133333131133133311 13111331 13133133 3113113331 13131313 13311131. 311311
33 33311311, 13 3 3333333111 31133131 331331313113 3 1133113333 3313111313 1313-
333313 3113113133313111 11333; 133133113 13333333131333331131 3313 13313111
1331333131 3331311311 8 11331 31311 uj 1133113331 11311331 1333313113 13311. A bi-
33113333 3113333311 1333 3333311111 33 3333333333333 sog 131333311 3 13133313-
1331313333111311333 1331 1313311111 3113113 31311. Az uj 131333331 1333133311 3
13113131 3331311311131 133331 31311133333333 33111. 13331113 3113333 1333131313
3 333113133331 313313131331 31 3) 31331 3331131 13311313 31333133331333 13113-
13131311.’

Az 31131113 133313 33 3 11333333 3333333333331 33 3111333333313333 1311-
33331 -113333311111111111131 1113113333311 3333 33333313333331, 1331331111
11331-1111311 33131 3333333 11331- 33 333333 33333333 31133131 31131 33311-
13331 133313111331331131 33 3 1133113333 31131 [333311331131313 11131133 13331131

13331131 31333331331131. v

 

