78 ’ 1903: 33 t. 02. 3333333333

17. fl. Ezen 3633633133131366331 11331 333 6313333331 3331316363313
133311131333331 1113333333666331, 331331 3331113336133133 333331333331
333133 3 131361313133 36333, 3 331331 3311333 3 33333666 16116161 1113331

3333333113 333333 133333 33331331 333613363 3336313613333163133313361-

18. 5. 11333 3633633 613313163633 16336331 333131333631331 3 31313-
33333, 363331333131331 313163331313133, Ηο3313-83Ι3333ο3331331133 33613
Η33311-8313333-1131333336331 16333 1333311 33311)

33 3633333333(
*az 31133611133361.1

(8333336633 33333 1963. 631 31333133 1113. 1111363333333 33 3033313333 1631133113» 1963. 631 31333133
11-631136333 2. 33131133.)

1. 5. Α 333331 133333 3331331331 3333113363 3316 336313613133 63 313-
33311323ὲέ8319333133 33 11133 1331363 3316 1313163133 3163361 3336333333 333

* 113113 33 6313311331 3333131133, 31663 316136316663133 13333133 3331363133 3331 minden
61133133 3113333633 33333, ninus meg 36111 33 3 1313363633. 33131331 33 31133 1133, 313163 33633
33333331 16331 6313313363 3136331313 1331133133163 3311336 3113363313331 3313 31133333, 31313 -133
3361 3 16313313331331331 3198. 33.) 313. 1363131133 - 3133 3 33363333333313 63 61133331313313
1333113133 33313116 313133 3333313133 is 113116 1333313331 113, 3136113333 6 33 33333 11133-
33131331331, 31333331331331113333113636316133111, 1333 33 6313311 31333 36331 remulci 13

,ς’-...ῳ

331 3333313, 333 3 1631333333131 1133333133 3 3. 1113331 3133 11311333313133, 3131363313331133 311333-
61333 3163113 (13133. 1633333. 6133113.)
¹ 1 1111),Ι 1-31133 3331333163 sorban: 33 36336333 1313333ε 33133 36336333 3333 366331113331133.
3333. nous. 3333333.
, ”ff 1 111. 3133331133111113333333666331 13311313311333333133 3 333333163133333311133133133331.

m. m .
's 1111. 1711113 «E 3633633» 1313333; 311333 36336333 333 3 3663361333 1133. 13333. 1133333,
3333333.
J 111163 111333333366631131 3 1333133663 1636636133 3331 8313333331 van: 38331133. t. 33111. 1131311
a 1636631 33 6333133331131 113333613-1113331131 161633 63 33 18111111. 3. 3311113 11331331 131333-
333336663 3 1136363316 3336331 111333313133636331333111333133 163333 1133611633 3 1333611133331.
13 13363131 3333311663 333331333 33631133633131 3 1333133663 161336363 3311133331361. 1333313333.
Siam: 3333113313. 33. 5. 33.; (11133 18111111. 3. 33. 8. 33.; [1333333 1811111111. ι. α.
’1, 33.; 3133333133 mmmm. 3. 33. 1. 33.; Peru: 187izxux. 3. 33. 2. cz.; 8366-631133313-
nrszz'zg: 1874: 111. 3. 33. 1. 33.; 0133333313 111111 v1. 3. 33. 1 33.; 83331133 18113311. 3.33.11.33.·,
Korea: 1983:xxv11. 3. 33. lv. cz.; 13313 1811811111. t. 331. 33. Ι

1211 18. ξ. 3 3633633 613313163133633 16336331 3331311333131331 3 313133313333 33631133333333,
3333 33, 36336333 1133633136 1336313663 16363, 3 3633633 163633636311 13333 33313 333333333333
6113313311( 333ι Ι, 3633ἓ1311136331 1366333133 pedig 33 1868. 631 111. 3.-33. 16. 1133131611366363
33 331 . (1 in. in

118.1’-31113111)36336333 1313333; «Ezen 36336333 e's ugyanazon 5. 36363 3 31133311-8313333-
1313133336331133 33613 3 1133 13133333

133311333361ε 31133363-8313333333363133 33613 3 11311383133-113131133331331 11333».

Α1133333131311631313111333313133333 33331 163163 3316 133631366333, 1333 33 11133 63631613·
36331331363133366) 11333313133133 3 1336313111 3113113331333361. Ι 1 ,. „

11313113111333133313313331363, 1333 3 13111663 1316 13111616131331, 633 3 13116163311316
1111111111131111ἒὲ1ι1113111161131116ῗῖ161131111ἓέῗὲ 1111. 111 '¹⁵²⁰'
,631616ἒί1111ἕεῖἓῖ 1111111“1”1316”111111111..1111ἒέ 611111111111111’ aiam:
3313331131 33313313333113 33333113 3131 :lapan nyugszik. (Min. 336.)

 

