80 196311. t. cz. 63666361691161.

16113161 31131313 3316 313333163161616363616116, 33311 33 311333 1313333
3316 3116163163 3 1611136163 616 16161616161331636 6116361 3633636 611636-
161 11363331 611311313133 16336316336.

116163 3331333133 31631 16113131313333 31313133 166366 131631666361361
1616163 3 3113131631331 3 113363116333331 1616316311633111)

1111131133 3133116113361 3633616 - 1636131111 1611133 - 3 6. 1-1311
1361161611 1316331161 1111161633 33616 611636161611113331 1112)

[1. fi. 1161131361316 3311116361 11363333361161;

6) 3111 3 1111161636 3316 313333133 3 366636163363163 3131316 31111631
31311Ι 3111131111 Ι161616361131111111 1611631636 161131616161 3 16333116 333131161
6316316 63 63316313 33333 3

’ 6) 111 61163 3331363313633163361 1631616366 6361613631 131311 1633361
6113333 333161133131133, 363116163163 33 611161161161 1631616361 36136131-
1333 61611.

Nem 3163161361 1111636161 1133366633 636113161 3361, 111 61163 3 11333-

663133361 33616 163363113131131 1631316333 33333111)

,111 V. 6. 3 111. 1. 1111111316 16366116363611.

16 1. 1133 16111311 33 311316363 33316111 31 33631163 33 311331 11316333136366161633133331312.1ο3
161161163113 3 3113136τί33161 611636116313363 3131333333161, 6361631631 1136161133 163661163636161611616 16-
163616, 316311111316361. 16136 3333313361 13113331131361 3633611631616 61336311313131 63616163
331113616336 31113111, 1611 33 313161, 1116363611136611 3 1131316163 11- 631116166116361 6163 6 -
16313161 113631633636163 3 1313333613 3316 161113 613 13 3311631163 61163613316336 3 131161611636161 3

3 11- 1311 16161163 meg 13313611163133361. 63631131111313311611 1111611313 31131 63 13631133 16113636-

3331311 13 333 31311131 316331131611611 3113363633111 61361 31 3133333163 33111616 311631313133631-
1611 1336316 36363331311116116331131616116.

33 1111611313116 ’6311163163 3113131 6366161 1361163133 63611316113131333136116131161 3 311313-
1631613, 16116136316116336,1313163131 33 6113111 1631116163 13161113333. 3 13133611 1316 3116131311
11313163 31133113 3316 1113333 6331 11116161 161311131333 13611611163163163361.

11163 61163616313163 313 13 16311311 516311313163 1633316331336131611, 111131. 1316.)

13163111. 1316331133 6116136333 13616113 111 3331333 1113313131 633612-11161636633
336313661161, 116131 63631133 633113113616163 636161163, 31131163 131631666361 33111 ’ 6336116361
1631113131 1663116 63 611 1633331136 1611161361 1311 336, - 13611613 1613611 163 1631111336 31313363
363661163636161611616 131631666361611331311333331 - 63 1113 33113613636616161 16163163613361161331
11331- 1113611636 36366116363111313366 163363116;

13161611 3331333133 31631 1611313133333 31311163 166366 13163166636136116161633 31131316313133
1631611116313331 131363113131131161631631163313(161311. 11333. 6166113.)

1216 3. §- 363661163636, 1361133631313361163613613 1113131161, 133613 6331 33 3113316113361 16361136
1611113 311111311111. 31133 1611 1366161, 16113311113361 13113361131316111333611311166113333·
Ι331113λ3636ἳ33ὰ111 111136131311 311313133 1136311111113111131 1133333131111,16131 6136 363133 1361311633-

116· 333 . 1 111. 111 .

11111 111-111 363613311131636111611611113163316111636311113 161161133111311313333331,13131
331361 1 3363163613613161116161161116116363661. 116133. 111133. 6166116.)

131 ,6.111311 1111111111 1. 6313. 11.

141 113 11116361 6316661163636361 11131313 3331 3 6. 1-133 1613631111 131631 636136 3331631616313. 1136133
113111 616163611113133116133 6163111 1363 611 163111136316113, 1361161 3311116361 1131111333331 1361113113
(1333111133316333 163111, 6133 6113131363 111316331116316331336,3 313136 111631666363163161666»
111111111111111111111111111111111111111111111111111111111111111ῗέ
1111111311111111111111 161111111111111111111 11111111101111181111111111111
31163611136311133 33111611 — 1113131166 1113363111.

11363 S. 11) 11631131 3311633113 1313313366.

,11363 §- 11) 11611113 3 113336631331111 331111 1631631 111. 6) 131111313133111133313311, 116611 111611611
13661311 161133 1316361163616133613 336366;

11 1111611611333136311616331633611131616366 6361131631 13131116311616113333 333 161133131163.
36131111631363 336111111611611131616361 16113611311333 616111

11363 ,6. 316116 161636636161311636111336331163631163

1116313163131361311616161 1133366313 636113161 3361, 11161163, 311333663133361 3361616333111
311311631116333 133331.» (116116. 113136. 6166113.)

ι

 

