1903 .· V. 111. 1111111111111911111111111 laldzatdsarffl 60

Vll. FEJEZET.
Zdrdlzatdrozatok.j

50. 5. Α 31. §. 1111111111 1111111111 111111111111 11111 11111111 11

1903. 1111 1111111111111111111111111υ
51. 5. E 1111111 11111111111111 11 1881. 111 xxxvm. 1.-11. e's 1 11111-

11111111 1111101111 11111111 111111 1111111111 11111111 11111 111111-
ωιὲθὲῧ. E 11111111 1111111111111111 11111111 111111111111111111111111111-
1111111 1 11111111111111 1111111 111112) ·

v. 1111111111111

111111111111111111 a maqylgffiolzgglgoffszfiqal 1111111111 1111

11111111ιὲ11 1111119113. 111 1111111111 11-11. 1111111111111111 1011111111 1111111111» 1903111111-
111111 111-11 111111111. 1111111111.)

1. fi. 11111111Ιά111 1 1111111 101011 1111111111 1111111111 1111111111
111111111111111113)

. —.- ....-...- ---—..———. --------.- ——-.--—.-—— —-——

* 11 a 1111111111111111,1111111111 szoffi 11111111. ι. ⁰2. 11. §.a mbmyau,

a Ι ·
ῐΙι1111111111111Πιὲ1111111115113111111, 1 1111111111 1111111111, 1111111111111111111111,111111111111ωι
111331111111111 1111111111ἰῇ 11111111111112111111 ’1111111
mind 1111111111 11111111 1, 11111111 111111 11 1111111111 11111111111,11111111111ι 1111111111, 11111111
11 11 111111111111111111 1111111111 111111111111111111111111, 1111 11111111111111111. Ι

11111111111111111, 11111111111111111111111111111111, 111 1111111111. 1111111111, 11111-
11111 11111111 11111111, 1111111111111111111111, 1 1111111111 1111 11111 11111 1111 11 en ragad-
111111111111, 11111111111111111111 111 1111 11111111 1111111111, 1111111111111111111 1111111
111111111111111 1111111111 11 1 11 1111111Ι 1111111111 111111 111111111111 1111111111111 11 1111111
1111111111 11111111111111111 1111111111111111111111111 1111111111 11 maguum 11111111, hogy 1
111ιὸ1111111 11111 1111111 1111111111111 11111111111111.

Dea 1111111111 11111 1111 11 111111ερ1111 11111111 111111 az idegen 11111111, 111111 1111111111
11111ιό 111111111111111111 1161111111111111111111111111 1111111111 1111 1111111111. 11111111 11111111,
1111111111 111111111111111. 1111111111 1 1111111111 1111111111 111, 1111 1111111111111111 11111
111 es 1111111131 1111 1111111111. ·

11111 1111111111 111111.

111111 11111111111111 111111111111 11111111, es 1 351. 111111111111111111111111,1111111111 11111111-
1111111111 11111111ῗὲ111 ’1111ἴὲ11 1111111111111 111“1111ῑ1111111“1”“
Minthogy 1111111 11113. 1111111111111111 1111111111111111111 111111111111111 111111111111 1111
111111111111111 1111111111 11511. ᾗ. 11 111113. 1111 1111111111 81111111 111111 1111111111 1111 111. ( 11111.)
³ 11111111119.,11).,51.51. mint most 1111511, 511111. ξς. 1111111111ύί [1111111111 (111111.
’91111311 ’111111 11111111111111111111 1 1111111111111111111111. ι ¹
1111111111Ιή1 1111111111111 11111· es· 1111111111 11111111 1111111111, 11111 11111 1111111111·
111 1111111111 1111111111. ’
1111111111111111 1111111 1111111111 -— 1 11111111 111111Ι 11111111 11 1111111 - 1111111111 111111-
1111111111111111311111111111111111,11111111111111111111111 111111111111111111 1111111111 111-
1111111 1 1111111111 113111111111111 111 11111111111111111111 1111111111. (Amasim.)
131 11 1. ξ. 1 1111111111 1111111111. 1 1111111 111111 11111111111111111 jugat 1 111111111111
Ι1111111111 1111111, 1 111111, 1111 1111, 1111111111. 1111111111111111111113111. (Min. ind.) -

 

