31 1903:11. t. cz. A 3331333311-1133133313 311313311άεάνό1.

133 113333133133 19111. 131 31333133 5-13 111111 333331313313313333 31111,

11331133111331131133113111331 113331131133311313133 113113313333131331. a 33313 3 3333131 a
3331333313331133111331331331311133311331133331133133 11111131 33333133 11 1113 11111 331331-
1131333333133133311131333131311331111311131331 31131313333 1133333113 vemt egyidejssleg 311133-
1333131111313313333131131 333333 13333113313133 van. 3333133, 1333 a 1333133, 3 33313313333113131·
11133133 1131 3333311111133 1313131331 1133331331κί [3111113131 1313131331 3333111133 131311 1313113-
31331131311133, nem 1113113133 13331 3 13311331 33333133331 3113331131133 33 3331133, 13 3 jeten
ι011111111,,313131111313111113311131111113 3333 3 33 33
333331113113333313333313113333311311333311331111 331131311333 nem 1131113311 3 3331333111 13-
33111133, 3131331333 3331333113 11333111 13113 3 13331133, vajjon 333133133331131131 111113131331
133ἑ13133 1313333331133331313313113133111133 1311311133 3331-1· 13133 133311111331113 1331333111 111313.

13 3 jelen 113313333333131133 13133311 3331311331331 1111113 333133311111311331133311111133333
31333331. 11333133 33331, 133333331333333313133133 3133113νό 3113 1113331 33313331113131 13331111-
131111, 1133 111313331333331 1331333 3131333131111 3131133 11311331 313131 33 313131, 3 3313313133-
331331 333313111131111, 13133 33 1133333 3 1311331133 311111 11133131 31111311.

113 3131 3133133 eddigi 113313313313331133 33113331. mg 33 333333133133 3133133311111111133131-
133, 11113113333313333313133 13 1313133133, 3 3331331313111311 13 113113111311313311111 13131331 u
1113331133311333 3333311311 13313131 311131, 133131133 33 333-333 11113 1113311311 33313111311311
31313131133333133113311133133 1313113 31131 13311133113311 33 111331133311333 113111 13111, 3 133
111311133113333133333,33131331331133311333113311311311 3111313131 31131133 1313113 3331313111.

Μ13313313 3331331113111131131133 1111313311 311331 331, 1333 3 3331331331, 3 3113 11133331
1113133313111131331113333113331331333311311311311311 3331331131 33331133, 11113131311 13 3313333·
11 331 ’1 333131331131311133,13313111333333311131.

33 1331311, 3 13313 3 13111111 3331331331311313311133333 3333113, 3331 3 magas 1131 11111313 3131-
1311 13111313131333; 3 3113113 3 1333311331 3333331133 3113331133 331113 3 3133113133 1313333113
3311133331 on, 3 1331311 1331 3131111133 131111 1331331331 33331333.11331311 33333131331113113311113
131111133333333 3311111331 Ing 133131133 3 3331313133, 133 1333 3313 131131, 3 3131331 3113 11113131
3 131133113313333331333331 133333131133 3331 3 3331333111 1113113111 1333111133 11131 1313133131331
,111111111111111121111311118111111111,1111311111111133 3 333133131331 3311133131111 nem 1131311
3133313113,131313333333311331333133133311 11111 1131331133. Ing 3 11111 1131331113 3313311131
13131 3333, 1333 33 31111131 133311111133 11131 31331111 1111 333131· [3333331133 313 31331313331331,
1333 3 11331131111131 33311311 13133333111331113331133313333131311111 33331 3333 11111131131333,
3113131113 volt, 3111113 13331 31333333131 13311311 3333 3311311331 3331 13131.

A 333133 1311333131 1133133 nem 1133313111113333331131 3311131, 13333 3 133131 1313331333 31311·
311 nem 33333331311133333311313311131311133311131331, 13133113111113113111333 13113111 33113311·
1311131, meg 11133 11331111311331113331111 [3333331331. 1111113, 3113133131 1113333133 1111333331 31-
131331113131111313113333333333131113311,3313311131113111 3 333133 13333331131331 3333131331
3331131133, 1313 3131333131, 13 3 3331331 11113333 3133133113311 33 3111 3111. 113 &pen 33131, mett
3113313 333133111311333313133 33113 1313113311 313333111331331113313 3333331311 1333331131
3311111, nem 13133 13133313333331131 3113311111331, 3 1331 3 3331333111331 3133111133111313 1313-
113311 313333111331 1311313 1133311333 31133, 3 131133 33 111331 1331133113133313 nem engedi meg,
hogy 3113, 3 3333133311 313333111331 1333333131 331113111331313 [3333331131 3111131 11131311 33111131-
1333111.11313333133331111313 1131. 1331 es 3131 13313111 [3333331131 3111113131 33133 11133131 1333311
13 3331131 31111131, 3 31313313 1131311331 3331333333331133 3113331133 3113131111 33313331113111131311
131113131111, 133111313131333131111, 1333 3311131, 13 33 111331 31331331 13133313 3333333131, ez
3113133111 nem 3 3331333311331, 133313 33 31111 33111131111111 31113311113131113113333311133133131.

113 13131 1331311 3113313111311313. 3 3331331313331311 1131 13331111113111113 3113 3 13111111 3331331331
313 13133133 3311133133 1131311, 1333 13 3313331113313331, 3 3331331333333113 3313113113133 133131·
133 131313111333333 1313133133 311333313331111313 13 1313331333 1311, 1333 3313113 3 1333333113.
113313113131331311133113333313131313113331131, nem tog 3131111331313331133 333313333133-
1111333111311113331313133333313131111113113313113311113311131 3 33313313333331131 3 3333133311
313311333111131 is 3331313313ιηί 13 3311131 3 13111111 3331331333333113 331113113113113133111331.

Α 1133133111313 3113311331 1133113131331 3313311133 3. 33313333 3333113311 1111313313313
1113331133 1111111 1311333311 3333333133 13331“1’13133313111 Is 3 3331333άό33 3333113ιό
11199, Im· ‚Y VIII. 1. ez. 3111113311113313111 Is 113313311131111 33111111111313333333131311133311333
,13313133 3333333311 111 13333131, 3 33313313113313311113 1133133113 131313311311131 3133311133-
3131313311311,13113113333333133333133311333. 11333331113113131131 333 3333333131· a 111 13333-
13113 1333113ιὸ 1133331133131 3331333311 13 33313131111333313133131 111 11131331 33331333 3111331333·
1131311113 31. 1113331 1313313131.

13 31311333313133331 3 3333333313331 1333111313311311 13113333, 1311331 1133333333313133331333
3113, 3 333133113113113 13131311 1131313131 133131331331 333311311133 113133331133111111. 131 3311333133
1311133 13313111331331333113 3113331311. Α 13133111 13333111 133133133311131131311331313333133331
33ι33313111ἰὼ13331333331 331131133133 333111333113113 333133331313 133113333111133 11331133 133131-
1 313 33.

J 1131311 1133311313113 13 313113 3 1333133331 3 1131113133 11311133331311333131331131, mind 3

 

