11 1903:111. 1. ez. 1111110 11111111111111191111111111111111.

2. 5. A 11111111111111 111111111111111 1111111 1111111 1111131111
11111111111111111111 111111111111 9011000111γί 11111111 111111111111111

111 1111111111, 1 1111111111 1 1111111111 11111 111111 1111111111111111111111111111111111111111131111
1111 0 1111111.

11111111111111311 1 1111111111 1111 1111111111111 11Ιὸ 11111111111111111111111111 1111111111
111111111111111111111111111111111111 1111111111 111111111Ιό 1111111111 arra 11111, 11111 1 lakes·
11111111111111111 11111 11111 11111111 1111 11111111111111 11111 1111111111 11111111111111111111
111111 1111111111 1131111111 111111111111111111111111 11111, ·- 1111111111 1111111111 11111 11111-
11111111111. 11111111 1111111111 111111111111111111 a 1111 111111 1111111111ιί 111111 111111
11111111111111111111 oly 1111111110, 11111 11111111 1111111111111111111111111111111111 1111111111
111111111Ιό 11111111111111111111 11111111 1111111111 111111 1111111111 1111111111111111111111111111111111
1111111 111111 11111111 1111111 111111111Ιό 11111111ςὲ11 1111111111111.

1111111Ιί 1111111 1111111111111111111 1111111111111111111111 1111111111ιὺ 1111111011 1111111111Ι

111111111111111111111111111111111111111111111111111111111111111111 1 11111 1111111111 meg
11111111111111,11111111 1111111111 1111111111 1111 111111111111 1111111 1 111111111111111 11111
11111 meg 11 1101111111.111111111111111111111111111111111 111111111,-1111111 pedm, ⁰¹5
1111111, 11111111111011111111111111111111111111 1111,111111110111111111111111111 11111 1111111
nem 1111 111111 11- 11111 111111111Ιί 11111 1111111111111111 1111 11111101, 11 18111. 111111111111111
111. 1-1 11111111 1111111111111111111111111111111111111111 1 111111 11111111 1111111111 1111111111
11111111.
· 111111111111111111 1101111, 1111111111 11111111111111 11111111 11 111111 111111111111111111 1111111
1 1111111ςὸ 11111111111 11111111111181111111111111111 [111111111111111111111111111 11111111111111 mun·
11111111111111111111111111111111 11111 1111111 11111111111111,1 mi 11 11111· 1111111111 1111111111
111111111111111131111111111111111, 1 111111 1111111111111111111111 11111111 1111 1 111111111ἶε1,
hogy 1 11111111111111111 11111111Ι “ is 111111111111 111111, s 1111 bolyon 1111111111111 11111111
’111111111111111111111111111111111,1111111111111111111111111.
11111 1 1111111111 1111111111 111111111111) 11111 1111111111 1111111111111111,1 1111111111 111 11-
111111111111111111 111111111111 a 11111111 1111111111 1111111111 1111111111 11111 1111111 isit
11111 111111 11111.

1111111111111111111111111111111111 111, 111 y 1 111 1111111111 1 1111111 1111 1111111111
1111111111 1111 1111111111111111111111111111 1111111111εὲ1 1111111111 legegyswrssbb 1111111111 is 1
111111111111111 1111111111111111 1111 1111111 1111111111 11. ,

1111111111 11111111 111111111111 111111 11111111, 1 1111111111 111111, 111111111111111111111311
1111111 1111111 1111111111 111111111111111111 1111111111111 111 s 1 1111111111 11 11111 1111111111 1111-
1111 1111111111 11111111 11111 1111111 111111111111 11111111111 1111111111 1111111111 111111 surgam
111111111111 11111, 1111111111111111 1111111111 11111111 dgy az eddi 1111111111 11111111 1111111131·
1111,111111111011111111111111,1111111-111111111111111111111111111111111 11 1 1111111111 stenem
ωρ1111111111111 11111111111111111111111151111111111 1111111111( 118111 111111 111111111111111 1111111111.
111111111111 1111111 1111111 11111111 1111111111 11111111111111111 11 1111111111ῃί 1111111111111111111
111111111111111111 11111111 is 111111111111 11111111,1111111111111111111111 1111, de eddig 1115
11111111111111111111111111111111111 is 11111111 11111111 111111111111111, 11111111 1111111111 111-
1111111 111111111111111, 11111111111111111111 111 1111111 1 11111111111111111111111111111111111111111
1111111111, a nwly 1111111 1111 1111111 1111111111 3111100 1111 1111111111.

1111 111 1111111111 111111111111111111111111111111111 1111111111, 11111 111111 111111111εὲ1 figye·
111111111111 is, 111111 111111 1111111 111111111111111111111111111 most 1111 meg· 1111 1101111111·
111111111111111 1111111111 is 1111111111 1111111, 11111111 11 1301100011ςί 1111111111111111111111,
11111 1111111111111111 11 111111 1111111111111111111111111111111111111111 11111111 111111 11111111111111
1111111111111, 11111111111111111 111111111111 111111 1111111.

Ez 11 1111111 11111111111111111 1111111 111111 111111 1111111111 11111111111111111 111111111111.
11111· 1111111 111111111111 111 1111111111 111111111111 111111 11111111111111 111111111111,11111
1111111111111111111111111111111111111111111111 1111 1 1111111111, 11111 11 1111111 11111111ιὲ111
1111 11 111111 1111111110 11111111 1111111111 1111111111 111111111111111111111111111111111111111111111111

1111111111111111111111111111111111111111111 1111111111 1111111111 1111111111 1111111111
1111111111111111111111111 11111 1111111111.

1111111111 1 11111111111111111111111111111 1111111111 11111111111111111 1111111111 nem 111111.

111111 111111, 1111 1111111111 11111 11111111111111 11111011111111, 1 1111111 1111111111 1111111
1911305 11-11 11111 11111111.

[11111111111 111111111111, 11111 1111111111, 1111111111111111111 stigoni 1111111111 1111111111
1 1111111 111111111111 111111111111111111111 11111111 1111111111111111111 111111111111111111 1 16111111·
11111111111111150000 112111 is 1 111Ιό 111111111111111111111111111. 11 1111 111111111111111111, 11η
11111111 1111111Ιί 1111111111 1111 1111, 1111 1111111 1111111111 111111111111 1111111.
¹ 1111111111 1111111 11111111111111111111 11111111111 1 1111111111111111 1111111111 1111110111
11111111 1111111 111111 1,“.1111,11001ο11111111 111 1111111111 vm.

11111111111111111 11 1811111111. 1.-11. 13. 1111111111 1 111111111111111111 1111ιί 11111111-
veneni 11111111 11111111111111111111 meg, 111111 111111111901-1901. 111 1111111111 1111111 1111-

 

