1903: V. 1. cz. 116116161363136166993363336963 1366316313όὶ. 75

8. §.A 3336631 1316311 1611631133 333 3 63131331633113113311636116-
aegei 11131 ugy 3 336116611633, 31131 3331316331633 3113363133111)

9. 5. A belfigyminister, 1113133 3 663311-3313363-63113116333111 663 3
1.1-633316111311131313311361 33331636133111 1116166111311 11131 311336313-
13163111, 333631133363 333166333 3111313133113 33331636331 3135613611 1633333
60161631131331361316 333666313163136131331; 33111361 33316633 egyes
16336161, 3311 1633631131631561 1331116163 33331 33 311336363331 111163
1633113131 613631331 meg.

10. 1. 13 3111116161, 3 11 133111 1311633 3313 11336113, 3 1331363333-
11613 133133113133 33611116 333163613111 3331 31313113, vagy 3 11331 33111331
1331113163 3316133163166633 33611313 6363131133, vagy 316361316331513 63 3
163333633 3633331161163; 33 111331 13361316361 3 3636631 13163111 11131663-
311163 113133116316, 33311311631333331163 13 311136111131611)

11. fi. 13 3 3311113366 vagy 3316666133 11 3 3113 [3333311160 1111-
16161331 331631336361 63 31113631361316336311.1-6633 1335333660 166
3131163 3331 1313311, vagy 33131111161611, 3 11 3 6313133163633 3311136533
36316133613111311311 3331313613, 131 3331 1313311; 11115131 16331 31 63
100 163631111331661316 163366313163331 6116131336663)

136331 3311116311, 31331 1311, hogy 3 611631 3 1633633163 13361611616131361, 33611311 3313111361.

313ξ111ῃ11361 3113633163 1111316133 legyen 3 3311363 33316633 3316131313633 31113113363.

Ι · 311131133313313 31113131331136133111663 63163 3333163311116363133163313331613; 3311113-
111 131631113111113313111. 6311. 1-1613 1631111 3113363631 131631361331. ( 11131. 1331.)

13 6. §vn 3313163611 3166631113 1611113 3361361336 3111 33111113133113 33331631361 3336311336
’1.5-61113 1133331613133311 111163136161166 3311361633. 1 6136113131361117. §- szfivege helyett
116331336316333336311613611313 · ·

11.5.ΰς1111.,1313133 1. 3111113 1311 63131331633136113111316163 1633131, 1113133 111631161
11111161363331631 16163 3 111111113113 3333133663. (61113. 16319633. 6136113.)

(m 8. 1-311 «131. 16111 33366313 6311311 3 6136131331 36366311 33311111, 1113133 1366636131
161Ξ111131. step? 163113396136113.)
1· ,6. . .

11131 13 3131311631 3 613163 6316131666 16311631, 1¹13 33 11133331131633 3331 1331116163 1131631666
1111661111, 113 1611113311 vagy 311111 33 11133161 6363131331 1136311131161 3613 33613633 13316311, 1311-

1 13 31131.

111611613311113161 1631135 3131636111163 1666 1113316313 131631631633 13 31313 1313331131 31313
163363 311 6316311613 1311616311111, 11611 3 11111616131313 1633336, 16163633116363166613613163
61331311 16161631661 13 613131163 111111631111. 1113133 311136111631111.

11113111 13 33 18761. 1.-63. 111. 63 333313111111616131 6631311 31131133 6333111661 3316 113113111311
1161113161 13 3 31333116363161 13 636133 vagy 1311363611 16636 31111163161,1 1631133131631 6116313 1136113
13 18111113 1.-63. 3111113 a 13163113 63 3333311113 131111 311161131316313111116.61113631113 ben
11189. 33. 3. 1116611 16163333316111311 1. 16331 31) 1163111 1313136633 3136336131311133111.
6331631166 1113316131 116366131311113111313 6131633131 3333163111661 333361133331 1111113111.
13 1113111 1311316361 1131131113113. ·

11313 11131136333 3113111331 161 3111313131 10. §Aban 6311 61166 1113133631 63 1633611133 1111161 163
ᾝ11ΠΙ1Ι’11.ίςΜ-1111Ι 'amm 363633 «az I. 1616 33366311 1311311τ 3133366311133366 311313666361313
11111. 111336136113. 11133613.

131 V. 6. 16. 5. ,

111.,1Ξ.63 13. 5-61 3 1. 633. 661 3336311336331331 3333116161 16113311. 1 1333311663 33313
3336311336331 1113113331 13311311 1161113311 3113631111 63 61313131 33363111, 133513 3316316 3
116311.5611311116113133371.6313.61133111316331633611 13131633. 111 33 eq 33
3313316611 6611131631 3 3311113166 3311369631, 1113133 3 335133316331311 1331331 16131 13 11-
13131111.

A 11111113 6163131 313333636136 33 18111311.. 1.-33. 10. ,63 3113 6113131631 1111111313 meg, 111 3333
16311163611313363113363113133331 3331 36113311136133. 1 Min. 136.)

A 11. 1-1311 1 6113113613 3333 336; «a 1316311311», 1113313166.

11311331. 161163 31011 1636311ἱ3 313131 helym: 3100 1636111111 3666311131 16113611 311613611-
sig. Α [163361313163 3111333133 33131636133631 11113 3 6136113113 1366166311. 31331 3 636363161111-
6161311131 31133 315131311331611 1116 31331633113333611363 136611 3 161633131113 63313663113 316-
336111ύωῖ 3 3163366313163 13131133311331 333636161361361131ς 1133133113 1311131 13 331361. (16116.

319339. 136113.)

1

 

