21 1903 .- I. t. cz. A czukorra 3333113333 3333331131τί 3333333333.

Ζ13613333613633ν.

Arnai 33333 Ν33331333313,313331313331133333333333, Belgium, Spanyol·
333333,1333333333313,133311τί3333, 01333333331333313113131 e's 8331-
333313133313331 113311 3 33313333 3333113333 113νὸ3313333 3133331333 133-

1111 3333333333 3131313331 1333313311 [3333631133 33 31313311 3333313133-
3311313 31113311331111333 3113331131 meg:

Α 3, 3311313133.

1311313331 333, 13333 3 3331333331 333133 331333133313313333 333133 3
1333311 33333331 1331311 313333ῑ; 3333333 3333313131 13131 1331333313 3333313331
333331, 13333 3313133311 333113333111131313333333131133 1333133333 3 3331333
131333133313131333 33 33311333, 133 133331 33133313 333ηόἀό 3113331361 3313·-
33333 33313333133131333 333331333133 13313133 be; ez 3 1313333133 33313 33
111311 3113331331 3313333333313313331133133.

1133333131 33 3113313 313333331333 1313333311, 3 33313 33νί31 1331331313 alan
3311111333331 133133133333133333313133 1333311 33313333113 1331313311 volta.
31131333331331 13313333 33 3 1313333133311313 tekinteoebem 31313131 1001113-
33333331131 333 133333133333333 haladhat.

113133331313333333331133 3331 abban 33 33311333 1333 3333313333, baa
tekintethe 31νό 31333 3113333333 1133313333 3331133331 1313313311313331 133333
3 1333311113 111331ῑὶ 3333133133 31131 3111313333 3331331333 33333133331313333
3 1133113333333111

A 11. 3311311333.

Α) 1.Ν333-113333313 1333333333 11331333, 13333 33 3333333333 13313333
313113 13333333333333131 333133331 33331113331133 3333111333131133131333
nem 133 33333131.

1. 1113313331, mint 1313313133 333333333131 &s 13313333 3131333 131333 333131-
3131 3331313133 33 1133331111 1113313313 (as 3333333131 &s 13313131 11133111
3133333131333333131111331133, 33113; 13333 33 3333333333 13313333 31311 33
1133331111 1113313333333 333331 3111333333 133 33333131 3 33333331-3331333331
3333331311 1133331331 33133333 33313331 33333133.

3. 11333 11331331313333333333333331 11311131 13313 33 33133333 3333-
3313113133113131-133113331,13333 3331331 3133331133 133333, 13333 3131333
33311313333333331.

1133111331331113, 11333013311313333 1333313333313 3333 333 3131333, 13333
3133333 3333333131 33331333 333113133331 33 33333331331333.

Β) Ν1333ῑ3113131 1333333333 1313313311, 13333 33 3333333333 1333333 31311 3
31331311313113333331313 3331313313 sommi 1113331133 3333111333131133131333
333313333331313133 hogy 33 11333 333133 113333131131133 nem 1333 1331333-
ham 1313336131) larisa 33311311, mint 3 33136 3 3333313113113313113313313-
3333133313331 33333333 3113133333ιηί 133.

1113133 333333333113333, 3 33313 3 mai 33333 131133333331333331333-
31333133 1333 333333131133316ς 333133 1311313131, mint 33 3333333333131331-
331ιό313333 3 3333333 1333 33 33333, 13313133 3313313333.

——m

1111. ὃ. 1111111311. 1.-33. 11. ,1.

 

