Ι 10 19113113. 3333113133 333311133313311333111331391331113119.

8. czllfflv

Α magas 33333333 13131 131313311 1331111131 33131 31313133 33333 33 Nagy-
331133313 3111333111 51333313133133 3311 13131-13313331 11331313331, gyarma-
131133 33 31313131133 3333313, 331111311333311 a sziikse'gos 13133133333131
33331 3 33131333113333333, hogy 31133 1313133333 333133, 3 111311 3131131-
133 3311113113 3313111311 33313333 311313 133313131, 113 3133333 3 333331131331
11133333 33 3113331331 31331311. 33 3113333 1133113311 3333 33333 3311133331
3 333133133 133331313131.

3. 33133131

3331 33 31133131, 3 3131131 313133 3113331331333 3333133111331131, 33333
1133333131 31311133 33 3113333 3133113311 3333313331333 13311311 333113133-
3311131.

1133133131 311113313331 3133 3 belga 1333331333 1313331133, 3 1331111113-
5333 33113113, hogy 333113331333 1333113 3 33311313333133 333333 13311133-
1333131131, Α 33311313333 131133 1313313111131 maga 3133 33313 3 13133
3111333331 333333 133331333 3313 3333131311 33 33 311333 331333333311 333333
3133131333 3313 33333333331 33 3313113 3 belga 33331331 31131 3 13331 3333-
3333 31133131333131333333 33133133 31131333331311133311333 33311313133

33 1-3131 sog 13333331.
10. cluam)

313133 3113313331 1903. 331 33311313133 113 1-311 1311 33131113.
Ε 11311131 3331111133 3133 13313313 31311 313333 3333111333 33 abban 33

1113 3131333311 33111 31331133311313311, 1333 3113311113131333113311133, 3 moly 33113311333333113
3113111331 1331 11133313131331 1311113111 3111111, mis, 3333131313311133 333313333311311133, 33 3313313331
3133131131 31333313 13311311, 1333311113ιὸ 33 133133. (1113313131 3113313 1313313333 ez, 13331 1131111131
1313133333 333133 3113111 3311313333 nem 131133 131133, Ez 3 131133113333 33 3113333311311 3333113311
31133131 3333333133111313113 33 133333331311 1131313133 11133133, az 3313331331 3333133113331 33311331-
nuk 1311313333 ango} 33111113131113313313133111-1313113313 1133131313.

12111131113331313313333313 111131 33 131313311331131 3311311133 11131131131313311331113331131
3333333311 31133113 1113311333 11333313331333331 1331333331. 3333311313333 1313133 13131133131333313313131
33331311 1331331331 1333331 1331131311, 3333 313111331333 113 1-33 13333311, 31311 1131113 31113 333 1313113313
1-33, 3 moly 333313131113313313331111131331133311, a melylyvl 3 13133 13313331 3 13311 31333333
131311131313 33311313313331 33133111. 11133313311331 33 333311111111133 33311313313333133.111113
333111. 11. 1113311. Ρ. 11, 33. rond„ 33 111111. 331 1113333313 33 3111 131311 333331133133113331133133111-
133 1333313331 31133131 1311133131131 113131311333 1313113311. (11113. 111. 11131.)

1313 11331111 33111 33 3113331331 1313111131311131131 133131 111113. 331 33311131313313 1-333 1331 11, es
1333331313313331131111133133.1331, 311133311331333113113131133 3333 1111333331 1331131. 33331
313311311313313313311131131131.333313331331(1333331333313313311133 3113133313 113131 3131133311
331333311311311311333331. 11331333 33 3133 31311133 1311131.331333113113111331 1313331 alig, vagy
333111313333111311 13313313313113131.3113333311,1111331311331111133 33 3 3113311133333 313133331313
1313 11331 1333131131 31 11331 133331. [1113313333 3311 33111333. 01333 3313131331, 3 31311 1331113111
13333, [13111111 3 3313 3331333, 13113333 33111313331311 11113313113313113133, 1113113113333333311331 mega
13113333 33 3131331311 3311331131 3313331133, 311133 1313331 133113113131. 33 31 331 1331311313 3133331
31333ηά3331 1313311 3333. 13131 33313113 33311111313113113 3113333331331133133333 3111113113 131133133131,
3 111111 33113331 33 31331 1313331313131113 3313131 [og 3311113111 33 33133 31131111111131 3333, 131311 meg·
1131133331. 3331333113 1333-313333333 13 33 3313113331 1331311333, 331111.1 3331311313, 131111 333133 31311
3 3311133133313133131133133331113313133333113111. 3311 nom [og 3311311133 3313311113 1311331113 13131
31133 sem, 13 33 3313313331 11133113 1313111313 3331 133113. 1111331331 31, 31 13 nen} 31313 1333311 11111
arra, 111113 3311333133 3 3311313313313113313311313111313111311 13111133 3331133333, meg 31133 33311, 13
31333, 33 333333 313 3131311333 3113111333 13131 3313333, 3331331311 1133331 31133 33311131. 3111 3331131
33 3113313131· 31131 3 1111333313113111131333133131 3 33113111133131133133 11113131113111 131131 3331313133,
Am, 33111333113313331111133113113131113111113. 331 333111331131· 111 1-311, alig 13111131 sziikse'gesnek

 

