100 1903 .· IX. 1. 111 11111111 111111111111111111.

,1111 111111 D) 1111111111 111311111ἑεί 11111311111111111 111111111111-
111 111111 1111111 111111 1 111111,

,-.--.--.-, , J

;. 1111111311 1 1111111111 1111113 1111 111 111111, 11331 111111111111 111111 1111111111 1 11113111·
1111 1111111 11, 1 111 1 1111111111 11111131 11111111111111111111 111113111111111111111 1111111111 1111,

1111111111 11111111111131 11111111Ρ1111111111 patak vfilgye, helyszini 111111111111111111111111
113111 111-1113111. 11111111 1111111111 111111 1113111 1111111- 11331111111133111111111111 Podu-
111111 111111 1113311 1111111 11133111111111111111111111111111 113111 1111111. Ι

U 1111111 111 1111111111 1111111 1 1111111111 11111 11 1111 11111 1111111111 1111111 11111111
11111 11331111 1111111111 11311 1113111111111111111111111 11111 1111111111 1111111131111111-
1113111111 1 1111, 1 111 ik 1 11111 11111111 11131111 1113111111111111111111 11111111 11111
111-1131 111111113111111 11 111111. Α 11111 11111 1111111111 11111 1111111111, 1 1111311 11111111 1 saik-
11111 11 1111111111, 11111111 111111111111111 11 11 1133111111111 11111 1113111 1 1111. 1131111111111-
11111 1111111111 a legmblyehh 11 11 111111 11131131113311 1111111 1113111111111111111111111111,1
moly 11 1311111111 1111111111, Ι1111 1131111111 11111111 111113111111111111111 11110 motem-ire
11111111111,1111111111111111111111,1111111111,
11 11131 1111311111 111111 1111111 11111111 1111 11111111 1111111111111111,11111111113111· 11111 1 11111
,1111111111 1113111 11111 111111111111111 110111111111 1111111. A 11131111111111111 13111133-
111111111111111311111111111111. 1111111111 111111 1111311111111111111111331111111111111.11111
2 3111111 1111 111111111111 1111111 11 111, 1111111111 1111311111 1111111111 1 81111111 111111
11111 13111 11111111 11 111 1111111111 111113111; a 1111111111 11111111 111111, a 11111 1311111111
1111111, 1111111111 11111 1111111111111111 11311111111111111111 1331111111 1111 (111111111113111111
11111111. 1111 11111111 1111111111 1113 11011111 11113 11111113 11111 1 11131111 111111, 1 1111111111
1111111111 1113111111 1 111111111111111 1131311111 11 131 1331111111 1131111 111111111111
1131111111 11 11111111 111 11111113311311 111111111111 113111 11. 1133 11111111, 1 111111 1131111111
11111111 1 111111111 11111 11111131 21111 11111111 1 111111ιὸ1 11111111 1 1111111111 11111111 1111 111-
111111111 11111133 7011-1511 1111111111111311 1111, 111111111111111 11 1 11311111111111111111 11113-
111 1111111 11111111Ιί1 1 11111111 1111 1111 1113111111. 111111-1133111 1131 3111111111 1 1111111111
36133613 11111ι11111ὶ11ὴ1111 111 ezka legalslt') 111111111111 113111311111 :ff 1133111111311111ἑΐ113111 ehg)
,1, 1131,11,1111111111,1111111111 111111 11111111
11111131 1111 11111111111113111 11111 1111313111111-311111111111111111111 111113111111111 111111111ιό.
1111111111111 111111313111111111 1111111 1111]11111,11111111111111 1111111111 111111 11111111 11131,
13111111131111, 131 111111, 1 1111)1 1111111 111 1111111111 1111311133311111111131 1111111,11111
1111311111 1111111. 11, 1111111111 1111 11111111 111111111111111111111,1111311111111111113111111
wfflgyoldalan a Poduplaski viilgyhe 1111111. A 11111111 11111111111131 11111111131111111111111111111
1111111111 1111111 minden 1111111111 111111 1111111111111113111,113111111111111 1 111.-
1113111111 11113 1111111 11111111, 1111111131 11111111 1111111111 111111 111111, 1111111111 1 111 111111,
1111111111111311111111111111 1131111111 1131113111 1111111111 1111111111 1133311111111 11111111·
11111111111111111 111111 1111111111111111113111 1111111 11111311, 11111 1111113, 1111111ιί, a
11111- 1111111111111111113-11 11133311111111 11133 1111 111113 min 13111111111111111111111,1111111
11311111111111111. 133311 11111111 1 1111 1111111 111111111111111131 1111111, 11131 11333111111111
1111111111. 1131· 11111311 1111111 1 111111111111111131111 1 1131311111111, 1 [1111111111 113311111
(1111 111181111111111 1111111111 11. 1111111 is, 1111111, 111111, 1. 11111. 1111111111111111 1 ·
1111111111.1111111111, &pen 11111 1111 1111 1133 11111 111111 1111111111, 1 1111111 11111111 1131 [11111111
111111 1 1111111111 1111111111 1133311111111111 11111111111111111111 11 11111111311111111111.

111111 1111111 111111 11311111111111111111 1111111111- 11111111 111111 11111111111111 - 1111
,11131111111113111111111111111 1111111111111111111111 1111111111 1111 133111111113 11111111,1111
13311111111 1111111Ι 11111111 1111111111311111, 1131311111 113111311111 11111113, 113311 1 1113111111.
111111Ξ1111111111113311111111111111111111111Β 111 11111111111 111111 1111111111118111111111111011 011103111111111111111(11111111111111111111111
nem 1111 st.

1111111111111111111113111 az 11111111111111 1111111 11111111 111113111111 11111111 1 11111111·
11111131 1111111113111111111 11, 1 1111 11131111111311 111111111 111311311111111111111111 111111-
,1111111311(11111111-11111111, 151. 111111.. 1133 113111111111133311111111111 11111 1111111311
(1111111, 11111111111 1881, 1111. 11111ς1111’111,’1“11111. 1111, 1111111.

1111113 1 jelen 11111111 111 11111 1111111 1 111111111111 1111111311111111311 (1111111111111111
1111131111111111-111 1111111111111111111111111111111 11111111111113,111111 111111111111
1111111111 11111, 1111111111 1113 (1111111111 sem 11111111111111[11111111111111111111113111111
13111311 11111311. 111311 11 1 1111 1111 11111 11111111111111111111111111,1111131111 111111,
1111111111 11111 11111, 1111111111 11111111, 111111111111111111111111111111111111111 1111111111 nem

1111111111 11111131111111 1111111. 1111111 111111, 1133811111111111111111111111 1111111111 11111111-

ι11111, (11111111 1111111 1111111111 11311111, 11111111 3111111113 1111111 111111111111111111111 11

1331 1111311331 31111111 1111111111 1111 1111111111 1111111111 11111111111111111111111111111111111111-
n 11111111 111 ,

111 131, a 11113111 1111111111 111111111111113111111 1111111 11, 11111311 1111111111 111111111111111

 

