1903 .· VIII. t. 33. Α 11313333333133333361. 31

3331 1313333 31131 1313113311 1311333331 33131 33333331333331, 3333333331-
1331331, vagy 33333113331333331 333313331333333 33 131331331333ς

3) 11311311, 3333331133 1113333 313 333 33 13333131 13333131 nem 13113 gya-
nus 3333331331 33 311313 1333131333 1313333133 3313 3333313331333333;

0 3333333311, 3333 33133313 1331313333 33313133333331 3333333311 3 3
1113333331 3333 3 13333113 3331331331 3313133133 3133313333 1313333311313
3333331331 3 1333333133 3313 1333333333

q) 3 11313333όί33 13133133131311 3 31313333333131331 3333311333εοί 313 333
3333331 31131333331333, 1311313331 331333 1313133331 31331313 33 1333131)
133111333;

1)133333331,13333331 33 1331333331 11- vagy 1331313331 3333333333.
’33133131111313333331331133331 33 3333 1313331 1131313331 33 3333331313-
331 333313331333333;

ι’) 1331313133 3333331 113331333331 333313331333333;

1) 333333333331 3333311333

1) 3 1313333311 333311 33 333133331133333133 333113333311331331331313133-
333113331131 31131333 3 3 133333333333331 33311313311313333333131133333333ς

1) 1313333313133 1333 3331133131, 3333133131, 13333331,1333133313333331)
3311313333 1131331 31133333333;

113 331333313331 1311333333131 1333333331, 3131 3133331 is. 3 33313 3 3313331 3333313333 3333-
’13311313133111331131313313131331 33 31131 333133331331131333331311. 31131331 13133 311 33 3331333 3331-
333333 131131]3333131331,1.ἱ.3 31131331331133313, 33 (33133313333313 33 3 313 1313131331 3333333
Ioron· 33333331 1331113133 3313 1311113333313 33313 13333333333313131331 331131333311331133333133, 3
’33333 11333 3333 3333131331 1333333333 33113 333 1133133 33333331 33 3331331 33 311331 3333131 131311
331” 31 1313133 1333333331 33 3333 3333313131 3 33331331. 33333133 1113333331 33333313113333131
·3333331313131331333331181ω3333313131 3333 333131 3333333133331 1.- 131333331, 333131313331 13131331 333 3113·

3313333133. 3333 3 331333331133333331, 3331 3333331111 3313133133 31133ιί ’33333331 1313311333133-
1113111111 ’12113111131113311113ἒῖ 5311ξὲ13313111111111111111111113131
1331133133 31313333 3131131331. 1133133313 13311331, 3313313 131333333333333 133331 1333131, 11-
3331133331 munden 13131 33331133331131, 33311331 1313333333331333131111 3 33311313 333333131333
1311311333, mint 133331133313113331. 11333 331113 3 1331333131 33333331 3331331333 3 13331331311133 33
33333333 1131331331 3331311333133, 333313 333331313333 131331331333133333313333133313333333, 1331331
3 13133333333331333133 33133331 3131113333ρί 13311 33311331 meg 33333333

Α 3133133131 1113131331 333113 131, 11331111 31113313 33 1113111133 3331131331 [3333311331 3113313 333133333-
Μ1’“1831,“1Ι1313131333313 3 333 3133; 333333313313. 3 33313131 1331331 331113133331331ῑ 333 111331
10111111τὲ 13133 1313311333 3 333 31333 3333333», 3 3333131 333313 3113333 33133 3333333333 113313.
3131333331- Is 3331333333313331 van 3331131333. ¹ ,
111ἐ1ρίὥ3ἁ33313 Is 33 31131331 3333331133333333313331333 [3133133333 13333 e 131, 113 3333331133 11313311

1333333133331 331131 3333333331133333131311. 31311 obv 1331133333331 33131331 be 3 11331311 1113-
331, 3333 331333 31131333333331133, 33313333131311133 3113331131Ι 331133133331. 1

.-1 1333313313133 1333333333 31331331ρά331 131. 33. 3313313333, 33 131333333333333313 33313
“ I. 3333331333333333331311333331333331, 3 1331133313333 1333333113

1113113333 3 1313333333333 3333333333 3331333333 333133 3 333333 31133 13331311 33331331 33313313-

333331133133333333133331 31313333, 333313 3 133311313333133 1133333 3313 3113333333333 333
,33333131 33331313331133 3131333311 1313311313 3113333331333313 1313313131 333331 33333.

ι

1313113333 13331133 3 133333333333131 3333311331131 3333313τὸ 313 131333333333131 1331311333, 3
331331 3 3333333331 333 3313111 vs· 131313131133 3311313333 3113133131 nem 333133 131331,

3313333333331 1333113333 3 13333333333313131 3113133333331133 33 3 1331333311ςί 1113311333 31111 313-
-3131131133331313333 3333333333 3333133 3133311333 3111331333333331313113 :
> ,11.,1.31)3331331133333333333131133331133333113333331; 33 3333333331 311333 13131 31333331,
33331331331333331313 331313 3331333133 11331133 3133311333» 311).

Λ 12. §. 31133 33133 3333333333

311333 133333313133133131331 13333331 333333113333333313 3131333333, 33931331311313131333·

3313133133,1133331-83133333333333133333313 33331-8313333-113133313333133131333 1331313333

 

