61 1903 .’ IV. t. cz. A kivdndorldovbl.

32 1. A tengerenuili 3331133331 3 3311311333 13313311 533333133311311
3 1313, 33111131 3 113331133131 3331111131331, 3 1333331311 utra 13113333 133333.
33333113333333 1333333333,13133333133333131311 3333311111 3113133 1311133.

1111333333 131313333113313311 3 1313 333313131 13111 . f

3111. 111333113313131 33311113 11313 3131131333 31311 33 erre 3333311
13133311 133311 31131 3 3331313331 13313313113331 333133313113111,1331133
313331-31133 313131111331313133131331 [3311313131

13331313 minden ilyen 1313 3113331333 31311 3 1133313313133311313
3133311331ὧ113333311 31131313 33 3333 11131311 13133311 33333 31131 meg-
wzJZAtdgAkimdoer 333111133333 31131333 13313133113113131331 3 1333331
3313133133 3113113331 3 13311331 13131, 1331131 11333133 113111 13133 1113
131133 133131311331 33 nem 33333133 33 311133 111133 113111331311333 31333131,
1333131313 15 3133133311113331.

11311111331313131 131131313333111, hogy 33 11133 13131 3313333111, 113133-
3313, 1333333333, 131333331333 33 3131311 331113113131131333, 13133351 3133
1131313 33 31133333333, 13331133 33 313331 33 13133333311331 333331 3133131313,
113131 3313331331 11333333, 333111 3 131333 3331133, 331331313113331133131-
331 3133333111 33 33131331 33331133 1331131133 3 13333133313313111 minister*
331 3113133131311 3333131133 313311333131311133 1112) ·

3131131 3331331331333,-33311111333331331 331333133131 3331131133 13131 333, 13 3311113331
[1111331111 31 3331 111311331333131333111111.

1131133 33 3331133 33331133 33313331 1331313331 33111313, 133331 arro is jognsan 1313133133,
331133 33313133313331 311313133311333331311 13 3133113, 3313313333, 133133111313 11111333111311
311113313133213113113333331131331313131133,113333311113331 31131 33313313 3313113311, 11-
13333 11333333. 133. 3,

A 311-11 1-1133 3 «33331ε 33113131 33111113, 1333113 3 333331; 1113 3331 3 1-111. 6311133113 11-
33331331ιί 3313 131131 33133 1313311333. 3 3333311 3131333113 131313 331311133111113111133131131(13113.
11111Ιὲ111ιῖἔαῖ {diffluant nmini 13113131. 1., 33 31333 3331333331133133133. de 3313133311 3331333131
18 11111 1’ f* OVA‘ ’1Ζῦοβ 1110 0> 11 02

31 3311311333 33313133 3111133131, 3111313 15. 1-133 1331311 11131313 31133333 3331111 11 - 131113
3133333331111331 13131333 (13133. [alass. 313). ¹ . Ι
(m 13333333 3313 33311133 1131333333 33 az 313331 3333333133 1333133331, 13111 az 1113111113 1313
1311333313 1331133, 3331131313333331133113133 13131133 33 111 1311333311 3311311333 3313 3311131131 As
33331131 31 133133 11133131. 1. az 33331 3313 1133113313111333 11111 a 3313113331, 331313 113131133131
13131331, 3133131133 [31313331 13333 az 313331 1313133313333133311333333331. ..

113 33331 3113 3313 311133111311131 meg, 11333113313131 313131 As 13311 3131133133 1131111 33333311 1313
33333111311331333133313111331331331313333133333113133111 nem 131311111; 1133331 ily ashetfi'
ngeffi¹¹6zfsml'ss 1311ὴ33ἑ33113313113331. ( 1113. 133. ) - (A 131. 3331131313331 3313331333 3. ὃ. 31311
ι. ,.1,,13111.3.

1333313133. 1. 3113311311, 11311 minden 1133311331313133311113 1313 3113131333 11311311331311 1333131
31131 1113313333 3331313133 3313331311 13331133, 11331 3 131333313311331333113333331313313331111311311313
13 3331333131133331. 13 313113 1111331333 33331 13 3311133133, 113131 3331. 3111 3313333111 1111311311 131311
31133331133133 311333113133311 nem 331333311311333111311331, 33131 3313131111 33331133 1311311113
3313331331, 33 3133113131 31333313313333331. ( 3113. 1311) -ψ V. 11. 313131 11. 1.
121Η3131 3 11313333131113, 13111 13131 1331113133 3113133333 3 31. 33 31. 1311133 333131133311 ellen-
313331. 3331311311 1131333331, hngy mily 13131 131131331131 1333333131 331111133333 31131313 13111331.
11131133113313311,113313 11313 31131333111131111333333131331 11333133 3331331113 333333 311313113ῑί1
meg 1333333111. A 1331333131. 1-3 3333 1313133113 3333331133 13331.

1133333331 3 13313113 11133311 1311133 [3313331311 3113333333 1313113331113 3331311331111131331133113331
33113113311,1111113 11333113313131 33311113 113131 [31333133. 1313333133, 13333333333, 3 3331111311
1333133116 313333 3331313333 33 3133133333 313111313333133311; 3331113133 3 31. 1. 3311333111 1111331631
ily 3133111331 1131133133 3 13111311313131331 131113131313333. 1133133311- 131131311313 11313313 1131313133
es 1133313113133 31313333 3311313133 3 1333131313 3131313331 3313113331 1311 31113313. (Min.
ind.) -A 311. 1. 1131. 31133133311333131111111133 133131331131 3. ’3. 313111) 13. 1. 5. [1. &s 31131.

311333313131. 1. mint 13331 3133 31. 1., -

1133313131. 1. 3313133331 1333 33. 1..

3 1333313133. 1. mint 31331 1333 31. 1., 331333113331 1331313333» (131133. 19333. 313.)

· ι 1

 

