1003 ; 1. 1. cz. A 1111111111111111111111 1111111111 eyyezme'ny. 5

Magyarorszz'zg 11111111 11111)ἰ; 11 1111111 ι 1111511 1111111ς O 1111111811-
nyolorszfig 1111111111ιῦ 11111111 O 1111111111 1111111111 regens kirfilynka

————-———-—-——————-——-——-——-——-——— -.--.-

hogy 111111 1111111111) 1ι11111111ι11111111 111111 1111111 11111111111111.11111111111111111111111111111111111
1111111111111111111151 111111 1111 11 ιιι 11111 1 1ι111 1111111111, ho ι 311111 ι 11111111
[111111111111111111111 11 11111111 1111111111111 111111 0111011111 1111111111 1 11111.

Franeziaomssg 11111 11111111 ugyau 1111111111 1111111111 111111 111111111111111111111111111111111
1881-111111111 11ὴ1ἑ111ἱιιιις do ιι 1111111111 &gy 111111 11111111111111, 11111 1111111111 1111111111111111111
1111111111 111111 111.

im! 111111 11111111 11 Magyarorszfig, ι 11111 1111111111111111 11111111,1111111111111111111111
111111111111111111111111111111111111111111111111111111111111 11111111 1111111111 ιιι, 111111 ι
111111111111111111111 1111111111 1111111111ιό1 1111111111 ιι 1111111111 1111111ιί 11111111 11111111 ιι 11111111
11111111111111111111111 111111111- 1111111111 11111111111111111111111.

1111111111 1 1111111111. 1111111111 1111111111 11111111111ξ111111111111111111111ιὸ 11111111, 1 1111111111
11111111101111111111111111111111111111111111111111111111. 11111 11 1111111111 11111111 11 ι 1111111111
11111111111111111,11111111·ι1111111111111111111111,1101111111
111111111111 11111]ιὶ1111 ι 111111111111 11111 1111111· 1111111111111; ι 11111111111111111111111111111111,
11111 ι 111111 ι 1111111111111111111 11111111 1111111110, 111111 1 111111 1111111111111111111111,11111111111
5111111011, 1111111111111111, 111 11111 1111111 111111111111111111111 1111111111 1111111 1111111- gon-

111111111111111111111111111111111111111111111111111111111111111111111111111111. De ιι 1111111111111111
11111111111111111 1111101111111111111111 1111111111111111111 1180111111ιὶ, 11111 ι 1111ι 111111 11111111111111
1111111 1111111111. 1111111 11 1111111111 11111 1111111111 111111 1111111111. 1 1111111, ι 1111111 1111111111ιό,
1111111111111111111,1 1111111111 1111111110 11111111111 1111111 11111. 11111111 vagy 1111111111 1111
11 1111111111ιὶ111111111111111111,11111111111ι11111111111 11111111111 1111111111. A 111111 11111-
11111111111111111111111110111111111111111111111111,111111 1111101111 11111111 1111111111 1111111 ι
1111111111111111111(,11111111111,11111111 11111111 ι 1111111111 ιι 1111111111 11 1111 1111010111
Quilkggsgsstlebtri'ssmhsgssy 11 11111111111111111111 1111111111 11111111111111, 111111101111111111111111ιά11
11111111 ι 11111111111111111111111111, 1111111 11111111 ιιι 11 111111111111111111111111111111111111111111111
1111, 11111111 1111111 1 1111111111 11111111111111 1111101111111111. 111 11111111111111 11111111111111111-
11111111, 1 1111111 1111111111 111111 ιιι, hogy ιι 1111111 111ιί111111Ιί1 11111111111111111111 1 1111111111 111-
1111111 11 1111111111 ι 1111111111 11111111111111111111.

18101111 1111111111111111111111111111 ι 111111111111η - ιι 11111111111111111 1111111111 1111111-
111111111111111 1111111111. 18113 ’ ben 1 111111 1111111 111111111111111111 1181000 111111; 1111111 1111
1111111111111 1201000 111111, ιιιι 1377111, 1111111111 137700011111.1111101311 1878s79-ben
a 111111 1111111 11111111111111111133331100111111, 1111111 1 111111111111 1111 1010000 tonna, 11 11111-
111111111 10113000 111111, 111111 1 1111111111111111111 11111111 11111 ι 1111111111111111111 1111111.
18801111-11111 1111111111 1111 11111111 11111111111111111111 11111111111111111111, 1 11111111111111111111111-
1111111 1ᾶό11111111 ι 111111 1111111 1111111111111111111111 1,801.000 11111111 11111 ι 11111ι1111111111,7111.000
11111 ι 111111ι111111. Α 1111111 111111 1111111111111111111111 1111111111 111111 1111111111, 1111 a 1111111111
ιι 1111111111, 11111111 1888180111 1111111111 11111111 111 1111111111 11 1111111111 1111111111 ι 1111111111
1111111111, 1111111, 111111 1119011901111 1111111111 1111111111 1 11113111, 10000000 111111 meg-
1111111111111111111111111111111111111111, 1 1111111111 111111111.07·2111111 tonna, ιιιι 6173011 ι 111111111111
‘sik 11111111 3071000 111111, ιιιι 37111111 jul ι 1111111111111.

Hogy 111111111111111111 1111111111 1111111111111 111111 1111111111 11111 111111111111 ι 1111111111111-
11111111111111111111111111111111,1111111111111111111111111111111111, 111 111111 1 111111111ιὸ11 1011111111
1111-11111111111111111111111111111ι111’111111111111.ιι &p oly kmsssgtelen, mint ι 1111111 111111-
1111111111, 111111 111111, ι 1111111111ιὶ 1111 111111111111 111111111111111111111 111111111111111111111111111111·
11111111111111111111111111111111111111.111111111111 11111111111111 1111111 1 1111111111111 1111111 1
1111111111111111111111111. ι 1111111, 11111 11111111 ssyen 111111111111111111,111111111111111ιι111111111111
111111111111111.111111111611111111111 11111111 111111, 111111 11 1111111111 1111111110 11 1111111111
1111111111ιὸ 11111111111111 111111111111111111111,1 1111111111 111111. 1 11111111, 11 11111111111111 ι 1111111111-
111 1111111111 11111 11111111111111111 1111111111, 111111111111111 1111111111 1111111, 111111 1111111111 11
batn, 1111111111 111111111111111 1111111 1111111111 111111Ιὸ 1111111111 1111111 111111 111111111111111111-
11 111 1111111111.

1111111 1101111111111111111101111111 11111ι111111111111111 11 111111111 1111111111ιὸ 1111111111 111-
]1111111111311111 11 1111111111 1111, 11131 1111111111111.Α11111111 111111111111111 1111111 ιι1111111, 1111
mk ι 1111111111 111111111111111111111, 1111111111ιί 1111111111 1111111 111111 111111111111111111, 11111 111111-
1111111111 1111111 11111111111111111111111111 11111 11111111111111111111 1111111 1111111111, hogy 1111111
1111111111 111111111101111111111111111 11111111 ι 11111111 1 01111ιί11111 [1111111111 11111.

[11111111111118011111 111111ιὶ11111, Nam-Britannia, 1111111111ῐὸΙο 11 1111111111 11110111111111111
11111111111111111111111111111111111, 11111111 111111 11111110 1111 11111111 1111111111. 11111111, hogy
111111111111111111111111111111111111111 1111111111111,11111111111111111111111 111111, 1 1111111111 ιι
1111111111111111111111111111111 1811111111, 1111101111, 10711111, 10731111, 1117111111, 111711-1111 11
1877-11111111111111111111111 01111111111111 1887-11111 1111111111 11111-11111111111111 1 1111111111111111
1111111111 111111111111111111111 111 1111111, 111111 1111111111111 1 11111111111111111111111111111116-

 

