16 ’1903 .· IV. 1. cz. A 1113111131113111.

133331 111131311131 113133113 3 133111 3 3311313133 1113331 3133131311 33311-
3333111133131 31131333131

4211. A 111131311131 113133 133331113 133 3 111131311131 33111111 13161
1133311311311 (31. 1.) 13133 13331, 3611311111133311313113 1311331331.

113 111313 3331133 1331311 1113131111 13 333111113133313311613131131131-
111313133113131111311333, 3331133 3 113111 131131331 11133111.

11111313116131 33111116 13161 1333161 1111313331 3 113133 11113311133
11316133333 113333131111 13 3111161 3 1316313133 11133 131111133311131 3131
s 3311 3 1311 1311131331331 13 3 1316113131331 3331311311311 11133131
ΙΙΙΘ[1111811111111131311131 113133 1113131133 313113131313131 311 133 133-
13113; 331 33 6, mint 3 133111 1331311 333113333111331 1131131313133111
11131313113133 11133111313311 3133ς 113313133 3331311311 1333111131331133
13113131313131 133131311133 33311113333121

Vl. 11113111.
Belum& 131113331311131

[14. 5. 1111131131 1113131 13 1111133313 1311311311313111333113 600 ko·
33333368133311316 313311313113331 1131313311 33 3 1111311336 1331·

11111313313139. 1. 31131 31331 3111 111. 3.,

313133131 111. 5. mint most 131111. 1,,

3 1313313111. §. 31131 most 311111. 1.,

55055255 510 Ξ11111111Τῖ131118131333ξ1133113.

12111 13133131 5³. 11, 111111. 11. 3 1131313311 133111313131 3331333311 31131311133133 s 11331133
3133131331133313113133311131111133 3111133 3 1133131133111131331131131 133133131133 1111311111ιὸ 33611-
33313331311311313311 31133311311; (1113113311 111313-111. §5- 3311133, 131, 331313331111131133
1ο31311311; 1133, 131133. 61331131

’.3111 131311111333313 1111131 1311313113313311 3333331111 33331133 111313113311311111311 3133.

Α 33111111 1111311133611,131331131 111111133111113113131111311 3113 1111131 11131 33313311 111313331131-
33131, 111311311131313131 33333313 13113131111 3133131113113. 1133313 333313133331 11 1113111313 13 pa·
133333113.1311113311111333133133131111 3331 33111113 3133131331 1111111113, 133313 11313111331131316331311
1· 16 133 3 313.
δ11 1313313111 13131 ki 1113133131 13, 131113 3 1111131 13 33 333311 1133113 1113331133 1331311131
1111 33131311113131331133313131333311, 13113113 13113113, 11331 1113331113 1331111 1331133311 333111-
11313331333311 133 331, 1111313331 13131311, 13 3113 33313131111131311313131.

111-1.131111311336111313111313113ιὸ11113133131,3113113 33331313133311331311113 33 3111111·-
11111311133333113331113,3318191111. 1.·33 111-3 1113131131 131311133111311 1333331311 11313113-
31 31113,

A 555³le 3 1133111331 311313111331333311 33111 333131111331-11 33133311331111 13313111313113·
31313, 131111 113 3331131 1311333333 111311 31, 33 31111113 13333111 31331311331111.

0113333133, 11313 1111311331131131133111311111313 133131113131111 1331 3313331331111 1313313331
11111331333131311131333331333133311311111111113113 13133, ὅ 13333 1311311333331 11111 1111111
13 1113131111311 33131111 131311331313 1331333311.

1131333 3331111333 113161331113-· 111131311313131 1111111 1113133313311 31111313331131111 33 313331
31313,1313113313313133333113 111313 3111111311 11331 1113311113 ·- 3111133311331 3113111313113 31133333

1131311313 1111 . >

1311 3111113133131311331311311 1311111131 113111131131111 11111 333111133113 13 311133131131111 1311131-
3113331 555³ 3111333113333333ῂ3ῖ331311131111331113311311113311, 3111111311 15. §- 33 11131311 31-

01911111111318111101181111111Ξὶ111311311111111181111313111η11111113 111 1-11111111311311133 1331113133 11113
111113, 1331 3133131133131131111133 133333 1331331311 13 33111 333111111131 3113 1113 111311331133
1131311111 1311111133 3133 1331133 31311133311311,3 13133131 111. ,13 33 ily 33331111 31111111 3111111131
¹³ [ίῗέγῗὲὲθξὲῗξξξ 0111111111]θέ ἱ111 111111111111111121311 1313133131, 11331 33 333311111131331311116 111131ν

 

