94 1903 : IX. t. 01. Α 110101111111111011101111.

11. 5. Α 1111111111 1001111101110111301 1111150111 1 1011001010οι· 11
1111101 11111131οι11 1010111100 3001011011111) ’

12. fi. Ezen 1111101110110110101111 110110010011111101111111 a minis-
101100,11111011]1111111 1101111101011101, Ηο1111-511110001111001110 pedig
101111-8111100-111101101111101 11011 1111111 meg&

lx. 1101101οΖ001

a Mau ,1110111111 11 Auszlrla 1111111 szepes 0111001110 &s 6105011111]

111110 az uqynevezett 11011011 111111 1011110100, az 0101111101 101111-

10001001 01001111011111 0101011897. 111 11. 1-01111 111011011οη

1110111011 1111111011 1111110 101οὲ110100 111101 100111101101100 111-
111 am*

11100ωεί1111 01011 1903. 111 01101101 11-10. 11111110110101111 «01011101 11111ογ1110 1913. 111 011011ιο
1110 1111011 1. 11101110.)

1. fi. Α Magyarorszfig 1110111111 111111 Szepes 11000110 11 1101010111
111110 11 ugynevezen 1111111 111111 1011110100,11011111011111110011000-

* Az 111111. 111 ll. 1. 01. - ng 11110 1111101111111111011 0101010101101 - 101111110011111011
1 0111111 1010101011 1111, 1011 11 111101101οι1 Η111111111111 1011110100 1111111 1111 01111101 11111-
10011 0011111011οῑ 111111101111101111 1101110 111 1001111101 s e 111111111111111111111111111100 11101
11 0111111 10101010111011011111101 101111011101111.

11111111111100101 0111010101 0101011100 11 1111011 1111101 1010101111110 1011111111 011111,
11. 011111010101111 1 11111101 ’1111101111 181111111110110011-1.11.1, 010111111111101011101
1111101 111110111111111 1051011 1οΙ001011. ·
,A magzar kormdny 1 1111101 1010101101110 0111011011 0011110010 1110101100 01111110, 1 11111
101110 101 1110 1111001 5101011. 1. 1110101001 1111100111 111. 1111111111 0101111, 1100111111 101·
0101 001111 1 10010111 1111111015111 0101111 11, 101111 11011101-10101101011 8101011. b. 11101-
11011,01.15111.110111’11; 11110111 810101 01111 0111111110 1111001111111110110101101115111111110-
00011110, 1011110 101101111111010 v. 1. 1. 1., 1 00110011 111. 1111011111010110110011.

111111111015115 101010111150110001010 011011. 11101101 110011, 1 1111011 1111011111 11111111
0101111 11000110 11 11111110111111011010111 11111110, 1 11 11101 1111111111.

Α 11111110111111110010110 0011111110, 1001111 1110110111 0010111111 11 1111111111 11111111-
111; 00110011110101100 0101011111 1111 00111 10111111οι111 egy-vgy 011111 (0111111 1111111 110
111011101111111111110011111111111111. 11010 1111101 011111 0010101111001011101011111111111511
1001010101111; 1100101111 1111110001 1110101001 1101150101110 1111011 111011 1011111001111011 0111111-
taansos² Ausztria. 1110110 611101111111111101001 1101001οῑ110 pedig dr. 1111101 0011111 100101ςί
ομ11111111111111 1111111111(1111111111111101111005) 111 1110111 (11101110 1901. 111 103000011111-10
0011011110. 0111101111 1100100101 1-10 1 magas 111111, 1 1011110111 10110 11 s 011 Becker 11110-
110 1111011 0101101001 11011 &s 111011 1011111110110111001, 0101 001111011511111110011111001111-
vel helyszim 01001111111011; 0111 (110111 1111111110, 1 1111 1011111111 110111101011011101 10011-

11010 0110 111111. 111 010 100101 1310 00110111 11110111.

A 1111111011 11111111 111110 - 1 01011111 1001111011011011 111100 0011111 - 1110011 003111
1111000111 01110, 1111011110ος a mennyiben az 01111110100000111111110 1011301100101101111 001
01111101 111111001111110101.

111110101111111110 1111101101101011 1111111111, 1 00111 111111 011101111111111110111111111111
11110101111101010011οη 11101111 1111111011 11111101111101100010111110111101011001111101101,

[m 111111001111111011 011110111011 1111511 111ιο0 must 0101 00010110 11101110011110111111,
1100001110 Ι11010011 1101111011101 11101110101001 111111100111111101111110110100 110110110ῑηί. 11
0111 0111111001 1111111101 10111 111111 11 111011 111 11111111010110 1011001101111110111.(11111.1111.)

·2)A 1111101 110110110101111 11111001 101111011101111111 1 ministerium 1111011 meg, 0011 ez, 111-
11011 1101111111 1011110110 11110.1111·1111)’ 111115111011 101111 1111110101110111001111011011 mm
vegrehathanaX 10111 0111111 10111101 111111. 111 ,11111010101111 111, Ι1-1011 101111011110 alapam,
(1110. 101.)

 

