98 11111111. t. 33. A 1131133111 13311131313311.

131333 A) 13311. 111111 3 11331111 3 11311113111113331 3 1131331όί 13131 3333
13311111, 3 11313131131111313313-1131113111311 113 1131311 3 13133111 pa-

1331111111 3131131. ‘a 1331131 131111111133 3131131113111113 3331311 33311113313113 3131331, 111131113-
enm 3313331331313.

1113133331111133 3 1133311113 1111111113,1“11131131 33 3 13111311 1331311311 1131311133 311111 11311331
1311313111, 3331 1331311131131311 1331313131331, 3 31311 11131 33 31331133 13111 1311111313333 meg-
1113111131311 13133. 311131 3 1113111113 33 33311111 1313331311 11133131 111313111311311133, 3 13111131 11311-
311311131313111111333111111113313311 13 3 1313311311 1131131331 3313 1311 131131111133 1113311
11111131 1331111311113113 13 33 3 13131331 3313111 33 3131131111 1113113 13133 meg. 3 11 1131133111
1333111113, 3 1311311111133311331 1113331131131131131131311311131311313313 be.

A ,1133311113 1313331311 1111311113 131113 1313313111 1111133 3331 33311111 11311 11333 1111311333331
111111, 131313333311111133111 31113113331311 113131131 1311313111, 3 13311313113111111331 [1313311133
1311 1311331311 111113113111 1111133 131133 1133311111, nem 131311331111311 1313 1311311311, 31131
311 13133311131331, 3 1331111 3113 1331313311, 1331311311331311333131133311111 313131 111133 3 13311131
111111311311113131113133131111311133 131313111311311 13331113 (13113313 1333333131333113,311111
1133113131331111311311113. 331 3 1111311131 1311111113.

A jelen 1131111111331 311111 11111133 133133 1133111111133113133131133 1131111133113111311311131131.
3 13311 1133111133 33 1711113 17111, 1131133 111131. A 533113 33111.1113131313133131331 1818 1311-
3313311-13 11315. 33131 31311131113311131113313111311, 11118 Aprilis 18-13 311111. 33113 31311 11113331-
1311 1331133131 1311131111 133131313331131 0 33133111 13 1111111 13131113 3 31311131 33311111ὶέ3 131113-
13131111113311133. 3 133113111131311311131 111111311133 1313 1311133 131131313131 1131 formicis
131111113311133311 11311311 13311111113313, 11113). 111 133333113118-13 1711331113 313111311111.131331131
3113311113. 113113 11111111 1131133131 1133111 articularis 1133113111 1331133311111131133131 131113111-
311331 1818. 111 1311331113 111-13 11119. 33113 313111311131331133 33311313313131111113311131 31331113-
1311133 1111313331 1111131131 13131311313333 13313113131111,311313111 111 1131133131131 113311133Ιὸ1
3111 311311133111111113333111 333131311113.Ε33113311311,1 31113 311 3111133 1111 31, 131113111-
313111111311111111331313131 11331111 formalis 1311131311133 31311311113313311131 133113113111)
111, 31131 3 31311131113333, 3 1111311131 1311133113 1333111331 11131311 33311113111131131131133131
fiscus 31133, 3 1131133131 11311331 111131311131113311 01131331 3 13111133 13133313131313113113113.
A 131331311133131131113131133133 3331 3 11133311, 1133133 3 1333311133κί 1313113131, 311131
1711. 111133, 33133111 1131113331 1111113311133, 31113111331 11113333111131111133331 131113113311311111
11113 1131333131311. A 1113131131 13113111311311 3331113113 3331 1331113, sem 3111113 313333331. 11311131
1133111 33 31311133 13131133 33 111131 3311131 33111311, 1311113111 131111111113133113111117 [] 1311111113
1311311 1311113113 11131311. 1333131111 11133331, 3 3133111133331 13 131 1313131, 3313313333 33 1 neve«
3111 ’11111-1113 11311113 3 113311111311111,313311 11113131 311331 1113133131113 1113133133 3111111
1111113333111 311 311131133313131 1311, 3 1331131 1131113111331113131331111133111313111131 113111 13113-
13111133 11131311 13131331331331 111313133131131. 11333 31113113331313 31131111 11113313111111131131131-

33 3313331131 133113111131111133331 1131133313 1113111331 13111, 13131 1111131333 133133, 31311113ιί1
111. A 313113111333333131131133131 31133 1311131311 11311133 1113133133 33 1193 3331133111113-111
31133113111133 3 1111311331 31113113331311 13113; «hodie 11333 1133131313 13131 8331331313 el Gaiieiam
penes 13331331 1111181311311131311311131131333331111311311331 11333133», 33113 131111131113-
· 1313 313313 111111 81311 1131311131 111313 13131 ι13311331333313 comitatum 31 833133333313 3113311131
erga septentrionem 331133 31 331311 111311 1113113. 1111331 1111311311 11313 3313133311. 11313311131133311-
13311113133133 3131 - ,111 1311131 3131131111 - 11111131 1331111311, 3 31311331 33113313 az, 1131113313
1311131331111113331133. 11111 131311 1131133, 5331311331113313131111133111313 [1333133 1131 13111
1311113113 1311311331 1111313 3113311133. 111313313311111 1111113113 13111113133131113 11131331, 113111
3131 11311 1311111311113333131,3 13311331331333 31131111 1111331, 1313313 331113131331331131113 hog)
33 33 1311 131311 1333 1131131313311113113113113 1131 1133133111 1111113, 3 1131 311311131133111313.
11311 11131311, 1111 513111 311. 1131113133 1113331. 1331111113111111, 1131113 1131113111311 11111311 13111-
111 311111 Ι11333111 13 3 1113113 13111 3131311111 (331131) 11331111.

1133 31113111333131 131111113133111131311 331133 11311113 3131331, 3 1113113 13111 3131311111.1133
13311131 1313113311 311311131133 3 1333311111 8113, 3 31311333 3111311333131133 1111131131, 31331131-
3313133133331111113133131311 13 3 1113113 13111 3131113 3 13131 13133 13111 13133131311. 31131133·
3111311333131 a 1131131111 13131133311131 11331 13131331 133333113313113111, 31311 3133 113131113313131
13133 111111, 3 1331111331311311111113333113131113113 13111 31313111 1113313113111131331331113111
31333331113111111113.333111311131111 1333113 1313311. 1313, 3111 33111 331113113131133 131333111
131311 11331111 1111311131 3131 13 3313313113 33113 As 33311 13131331. A 3111311333131331 3131133131131
131113313113333111131111 11111311 131111, 113111 Δ1113133133331 a 13113-11311111133 31331313331333133111
133311 11131133 13131111 311131. 1131111 1311311 1113313 13 1111131311131131113111 13111 3111311113
1313113311- 13 3 113133ιὸ1 13131311 1333313111311 13113111311313311.

Ἰ13131111311113111113111111311131133. 11331 1113133133 133133 3111311333111113 3 11113 1311113133
13111311311111111113113333 11131111333311111311131. 1131311 33311 13131 1131111111313131311133311
1111131131131311 3 313111311133111 11131111 1131 1131113311 13 11311 1313113313 13311131 3131311 13313311-
3313113, 3 13111 1113 3111311113131111 31313113, 3 1113111311 131111 1111 3131131 1311131331311311.1113131
1311111133 11 133311 331133 11311113 133131 3 113131113311- 13 113133111 131313113333131 mi .

11131333311131 33331 311333 1331111 33 Al) 313111 1111113313311333113111133313113133111 11131
1331131111133311331133 1313133113. 133111111331311111 33311113131311 3331131 11313 131111 131311-

 

