1903.- V. 1. 11.111“111’111111111111 Maqyarorszaqon 111111111111. 11

11111111111111111 ,
111-110111111111111111 a 1111111 (111) 1111111111 1111111 11111101-
1111111ῃ111111111110 111111111111011 m. kir. 11111111111111 11111111 ker.

Ι11111111111111111111111111 111111111111, 10 1 11111111 0111111111111111 1111111111 111101111111
1111101111111 1111111111111111111111111111111810 11111111 111110 1111111 11 1111111111111111111
11111111010111, 10111111, 111111 111111 1111111111 11 101 alum 111 1111111111 1111111111 111 j
dvm 11111111 1111111111 11111111 111111111011 pomos 111111011111111111 111 1 11111, 1111111111-
,11111111111 1111110011 1111111 11111111111111103111.) . .. ἡ
1111111111111111111111111111,-11111111111111111 ’1111

111111 110110111111111111111111111111 1111111111 11111 11111111 111 11 1111111 1111111111
1110111111111111011 011110101 11101, 1 111111 a jelen 11111111111111101 11011 1111111111 1111111·
111111111111111111111111111111, 1111 111111 1111111111111111111111111111111 1010111 11111111
mm? 1110111111ω1311121111ῃ11171111111 1111111111 111111111111110101111 111111. 111 1111011111111
11111111· Ἢ1111111111111111 1111111111 1111111111 1111111111 11·
1111111111. 1111101 a 1111110111111101011. 11111111111011 1111101111 1111111111ᾜ111111111ῃ1111111111
“⁰3:¹3ss 11111 1 1111111111 1111111 1111 1111111111111111111 11111 [11101111111011101 111111 111-
1111111111,11111101111110111111 1111010111111111111111111101111 meg 1110 111111101111111, 11
neman 1111111111111111, 1111 10110111111111111111111111111, 1 1 111111111111 korban 11111·
gen ‚ 1111011111110011111 1111111111011111111111111, 1011011111111. 1 10 1111111111111 111-
111111111111111111 111111 111111, 10111 1111101111 111111 111111110111111111101111101 0111111·-
Ἓείιςὲιῖιιιῗὲξα 1 1111111111111111111101111111 11111011111 is. 111, 1 1111111111111 1111111-
111οι1 1011111111101111111111111111010110111111 11111111 1111111 mind 1111111111 11 1111111111 111111
1111111111 1111111111 111111111101, 111111111 11111111111111111111111,1011111110111116111-
11111111 1111111111111111111801111111111ἑὲ11, 1011011110] 1111111 111111111111 11111101 111-
101 111101 0111 10 n s .

1 11 11111111111011111111111110 1111 1111111111111 11 1111111111. 1111111111 15. 1111111- =

110111. 11111101 1 1111111 madelmi-sei 10 111011111011, 1111111 1 11111111111 11111111111011
111111111011,1101111111111111111111, 11 1011111111 11111111 nem 11111111 11111101111 11111-
Ὕο111ἑ11111111101 111111 11111111111101111 1011111101111111 1111111111, 10111 1 1111111111 111111111011
111111111111111111111111111111111211111111 ’1111111111’1111111111
111111.

8111110111110111111111110111111111 11111111. 111111111111111 1111011 11 1111101011111111011
1111111111111 1111111111 111111 11111111111111 1111111111, 101101111111101111111110111111 111111111
1111011 111111110111111 11111 11 111111 1111111111. Es a 11101111 111111ιό1111 1111111111111 011
1111111111 11111111 1111111 mik 1011 1111111 11 1111111 111 1111011111 11111111 11111111111,101111111
11111111111111111 1111111111111111 111111 1011111111111 11111101111, 11111111101011111111111 nem
1111011111 1 11111111 11111101 11111111 1110111111 1101 nem 1101111111011.

- 11110 111111 111111111111111101111 11111001 11011 11111111 111111111ιηί, 111 101111, 1111 1111111111
1111,111111,1111111111111.11111111 11111111 1111111111 11011111,1111111111111111 1011111111111111
mindi 0111011 11111111 1111111111. 111 11 111111 11111 1111111111 11011 1111111 1111, 1111111 111 111-
111101111 11 1111111 1111111111111111111111.

111111111101111111111 101 11111 11111111111011 1111111111 100111111111.1111111111110111111
11111111111111111110111101111111111 111110 1111111110 11111, 11111111111. 11111) 101111111111111111.
111111 1111111111. 1101 0111111111 1011111 11111111 az 11111101, 1011 11 1111101111 minden 11111111
1111111 1111011111. 11111111 11111111 1111001111 11 1111111111 1111111111 11111101 1111111110, 1111 11
111111111111111111110101 11 ma 1111 11111110111111, hog 1 111110101111111111101111111011111111 11
111111111 1111011011 111111 1111, 1011 11111111 1111111111011111101,

111111111111111111111 1111111011 111 11111111 indul ki s 1111011101111 1 1111111111111111-111
11111111110111111111111 1110 111111001011111 11111111 1 11111111111111 11111111 1111 1111111111-11
111111111111110111111111111 11111111 1 111111111111111111111- 1111111111. (1111111 1 11111101111
111111101111, 1111011111, 01111111111111 11011 11111111 az 011111 111111111111111111111111 11111
1111111 11111111101111111, 1011 11111111 111110 1111111111 1111111111110111101,1111011 111
111111111111111111110 1111111111 111111111, 1111 11101, innon esetleg 11111111 11111 11 11111011·
1111111 .

1111101111 1111111111, 1011 1 1111111111 111111111111, 1111111111 11111101111111111111111111111101
1111111. 111111111111111111 nem ugyan 1 ma 1111111110 1111 11111111, 11 1110011 111111111111 111111-
111111101118118.11151.1191.111111 1111111011111111111 11111111 1011 101111111101111111011111·
11111111111111111111110111. 1111111111 1111101111 1111011111 1111111111111111, 1111111111 nem 111111-

 

