¹64 1903 .· IV. 1. cz. A kivdndorldsrdl.

Ez 1111111 111111111111;

α) 1111111111 1111111111111111 11111111111111111 1111111111,

11) 11 11111111111111111111 dij 1111111111 111111111111111111 31111111- 1111111111
1111111111 1111111111 111111 [1111111111 1111111111,

1) 1 11111111-11111111111 11111 1111111111111111111111-01111111111 11111111
»1111111111 1111111161,

d) 1 11111111111111111 1111111111 111111111111111111111111111111 1111111111
111111111111 11111 1111111111 1111111111111111 1111111111111111 1111 1111111111.

311111111111111111111 11111 1 11111111111111 11111111 111111111111
11111111, a ki 11111 111111111111111111111111111 1111111 11.

37. fi. [1111111111 3 1111111111111111 1 11111111111111 11111111111111
111111 111111 111111111111111,11111111111 11 11111111111111111111 11111οεὶ1111
1111. 111. 111111111111111111111, 1111 1111111111 1111111111 111111 1111111111
11111111111 1111111111111111111111112)

--.-— - ... ---. ......—.... .- . ..-

11)1111111111111111111111111 11 1 1111111111 11111 11111111111111 1111111111 111111111111 1111111111
1111111111111, 1111 a 111111111111111111111111111111111111111 11111111 11111111111111111ς 11111111111111111 111
1111111111111111111111111111111111111 111111 a 1111111, 1111111111111111 11111111111111111111111111111ῑί1111 a
11111111 1111111111 11111 propaganda [11111111 1111111111111111 1111111111111111111. 1111 1111111 1 1111111111
111111,11111111111111111111111111111111111111111111 1111111111. 11 1111111 11 11111111111111111 1111111. 1111
11111111 11111111 11111111111111111 1111111111111111111 1111111111ςί 11111111111111 1111111111 11111111 1111
1111111.

1)11111111111111111111111111111111111111111111111111111.111111 11111111 11 11 1111111111. 11111
1111111111,111113111111111111111 1111111111Ιηί 1111111111111,1111 11111111 111111111111. 11111111 111111 111111111
ho · 1 1111111111 11111111111,11111111 1111111111 1111111111111111111111111.

ἃ) A 11111111 31. §- mim 1111111 11111111. ,1.111111111111111 1111111111 1111111111 111111111111111111
11111111111111 11111111111111111

11111111 1111111111 1111111111 1111111111ῑ

1111111 11111111 1 111111111111111111111111 1111111111κὸ 1111111111111111 111111111111111111111111111 11 egi
1111111111111111.1111’1111111 11111111111111111111 a 1111111111 11111 111111111111111. 1111111111 11111
111111111111111111111111111111111111. 1111111111 1111111111 11 1111111111 11111111111111 1111111111111 111
aa 11111111 ὅ.»

Ι 1111111111, 1111111111, 11 11111111 a). 11). ) 1111111111 111111111111111 1111111111, 1111111) [111111 11111111
11111 11111 6:

egne) 31 111111ῑὸ 1111111111 11111 11111111111111 1111111111111111111111111 11111111111111111 1111111111.» (n
iyazs 111.)

1211111111111111111111111111111111 santos 11111111 1111111111 s 11111 1 35. 11111111 11111111 11111
11111111111111111111111111111111111111111111111111111111131.1-1, 1111111111 111111111111 1111111111111, h
111111111111111 11111111111111111111111 111111111111111111 111111111111111 1111111111111111111.

Ε11111111111111111111111111111111111111111111111111111. 111111 1111111111111111111111 11 11111111 111111.
1111111111 11111111 1 1111111 11111111111111 1111111111111111511 1111111111111111111 1111111111111111111111 11

111111 11111111111111111111 1111111111 va 111111111111111 11111111111111 11 1111111111 11111111 3 11111111
1111111111, 11 111111 111111 1111111111111, 1111111111ῑὸ, 111111 1111111111 1111111111) 1111111111 1111 ki.

111111111111111111111111111 11 az 1111111, 111 1111111111 1111111111 1111111, 111111111111111 1111111111
111111 11111111111111111 111111 1111111111. 111111 111 1111111 11111111 1111111111111 1111111111111 11111111
1111111111 111111.

11111111111111111111111 111111111111111 .

111 1111111111 11, 11111111 11111111 11111111111111 11 1111111111 11111111 1111111111111111111111111111 11111111
ton ’111111111111111111111111. 11111111111111111111111111111 11111 11111111111111111, 11111 11111111 111
11111111 111 1111111· 111111111111111 111111111111 11111111 11111111111111111 11111111.

1111111111 111111 1111111111 11 1111 ‘ar kir. 1111111111 1111111111 11111. 1111111111 1111111111 1111111111
111111111111111111 11 1111111111, 1111111· 11111111111111111 11111111 11111111 1111111111 11111111. ( 11111. ind.)

131. §- 1 11111111111111111111111111111111 11111111111111111 111111111111111 1111111111111111111111111111
1111111111 111111111111111ε

«1111111111 111111111111111111111111111 111111111111 1111111111111111111 1111111111111111111111111 1111111
1111111111111,11111111111 11111111111111111111111 1 1111111111 11111 111111111111111. 1111111111 1111111
1111111111111111111111111111 111111111111, 1111111111 1111111111 11 1111111111 11111111111111 111111111111 111
1111111111111111111 (111111, 1111111111. 1111111111)

1111111111311. 5. 1111111 1111111 111111· 311. ξ.

1 11111111 311. §- mint 111111 1111137. 1..

11 1111111131. fi. mint most 111111 311. ,1.

111111111111111111111111111111 1111111. 111111, 11111111.

 

