31 1903:11. t. cz. 1333113311111313331 mmmmm.

1333 1333313311, 131313113311 1135331313 33 3333331133 1. 331113 13·
1313111133 3 1313133311 33313331 33331133 133311 1111313333 1311313-

(181111331333131333133 3131333131 3113131131 11313131331111)

2. 3. Ama ezukor 3113, 3 moly 31131 11333 vagy 3331ο3133131133 13311133

1311331111 3 3333131133 1331311 131 33 1313131131, moly 331113131313111113 vag 1351333131 3311-
13131 3313Ι 11 331 311311313331 311111113133 13113133111333131 3113313333371131 3 1333331133 meg-
31]3.1’3111313133)’111313131313313313131331113313 13. hogy 33 1891111111331311131113313313
3131333111 113 ’13133131131131 us. mennylre 331331113313331131133 311333133313 my 313131333-
1131 311331 1131133 3311 1333111111333 33313313 13113333331333113113 1311315331 13331331 133133 13
1133111113 33333331 33131 tomos, 31331 33 113 1331331 3311111111 Magyarorszignak meg mnndug
11331131113111113111 333133 3311111 horona 131111 1313331313 van, 3 13313313 3333331· 131313113- 1133131311
311311313313133133313331 1113 33 3 113113 33131 is, 13331 ily 1133 1133313311, 11333 3 mame
3313133331 13111111 nem esekely 31333 az omfigban 11113133331113, 111133 1311133 binos 3133333,
effiivd 13111ἰ3ξ111131113 3 3311133331 33 3 3333313133, 3 3131131 1111111113 &s 133333311133331331133
3 3 33333 e.

11131113331113 3 31331133 3111331, hogy 3 1333333 33313313333113331 11113133333113133311 111-
133 [3331331113 1131333311 vgyezmbnvnyel 13 33 331313 31331331 3313331131 13331131 3311111131 11
egybh 1133331131331, nehogy 3 13333113 3331131133 33131331111331 13131133313131113. 131313 med»
33313313133313113313 nehogy 31331 113311333111331133 1331333315 11111333113131331 1311133315
baffia? ι1131115*11151111111131 13131311 3131 133311 3311131333εό 3 13331311333133111333 13131331 33311-

nivel 1131331311 313 3311333113, moly 33 31113 31131333113133313133331113 13 3 33311311 31131131-
1111311- 31113331131333111331113331111 3 1311333311 egyezrnbny 11131 13333113111111313331133 11-
3311311ιυί 333311131313131133 - minden irfinyban 13131111 testi.

’1133331133131 33313 nem 1331113111 11 1133311313131 31313331 3 1131131331. 3 3131131 mis
3313333131 §s 33 333313331331331 133331131331113333133 3333131 is 3133 133131331313313· 3 13133311
11333111111131131131111133.13131313313333333111
3131333133311133 1113133311 3333 1331331333111 3311 1311311ιὸ133 13,131333313333313133311333131·
113111 3311 1333331· 1311113131 3533311111 1113333331. 1133131111113131 311113 35333111 nem 3113133331-

. ban, hogy 3 3133333133 111111 3133131133 11111311 1313131313111133311. A mennyiben 33331133 most meg·
11111111111113111 11311“ἵ11111111’111111111111111111111111111ηὲ1’1111
331ι 1311313111, 311, mint 3 1111111, ι 11311311 ’3131313131 13313311 1113331331333133131131313, 33313
3333133, nogy 3311113 3133331 n 3113311133 133133 1311331111) 1311331113131313 313333313313 33 33133-
31133 1313311 3311111331 131133 333311311133 1133 1113133331 111311. 113311111333133331 13111311
3331331 1113133131 1331311333113 13 1133133313 sem 1311311313 szemben 1131311113. 1113131111, 1313)· 3
1333333 13331133 13331 [og 1133131, 11331 3 1111333111 3333313331 3333 333113 is az 3313313331-
1331331 [3313131311 313313313313113 3111333131 3133133. 1113111 me'g 111331 1131133133313133113133331-
ben 3311311 3333311131 1133113113 31133311313331113313331333 13113111311313113133113133331333
313 1331331111 1131331133.

1133131131, hogy 33 33 111113 31113, 1313133133 3331331 33333131 31131 31131, 3131113 3333333331
3 313111, 11331 3 1333111133111 &s 3 113333133111133 meg 3331 31311311111331131113333331331 113131-
311313113311113113 333133111ιί 1333313131311 1333133133, 1313311111) 3 33313333 31313. 331113113313331
33331131311131333113333111111311333113 3113311313ωηί1 11311331133 3313113 3113113111333.1111
331 11311111. 3331331111311331311311 331 is. 11331333131111 1331133311 3333311131 3513333133 131133
33111331 311331 3333533 &s hogy 311313133131133 minden 1311313133 33 3333331331· 3331133133113 1311
13111331 3133131311 133333.

11311113 3 13313131 11311331111 31331131, 3 11333131 3133111111 1111313113131 31133311313111133 3

3331133133, hogy 3 113113113311, 311133 3331313133331313131133311311333133113 bi20n{lalan viszo-

nyok 333133. 3131131331333311131 333131133313111 131131311133 31113 3113113 1333111333 ,3133131131
1333311333133113331333333 ipat edd1gi poziczusjat 333133131331111311 1131311333 es meg·
131111 13113331311333 is 11333 1333.

Δ 1131313133 31313 1313331131, 1133331-11113333131331 331333 13333113ἕ3331333111 3111113113333131
a 333133311111 33111 1111113131 313111)1 3313333331 13113311131311 &s 113333111313113. mol-1906.
11331331111311333. 291. sz.)

(11113 1. §- 33313113313333311133111331,3 1133131133133 3 3331333333331331113113313313 1131331133
111111 3131331313)1 1331331133 33 3313333131 11131 3333333131 1333333311) 31131133 1113111113 megs
311131333331111133111 1313131133 33.113333133311313113331 33113113333115 1313131331 33333 31111
1331133 31311311, nem 133113113331131113 31333113)ἐι1111111113331311 113131, 31131 3 311311333313333133313 ·
33331. A 3313333131 11131111)’11111331 1113131133 3 3311133331 3 1131333133 11 1111 1313331313 meten
3311313113331 11131133331313 3 1331311311331333133331, 3331111331133 13113 333111331113111331
3333 3313333113 3 333113 31133 1113131111. 3 moly 1313131113131.

 

