‘1903 : 1 V. 111. Α 11111111111111. 57

5. Α 1111111116 11111111111111111111 1 111111111111 11111 11111111
minden 1111111111111111111111111111 1111111111)

ὅ. Α 111111111111111 1111 11 111111 1111111111 1111ηὸ11111 111111-
11111111111111, 1111111 1111 11111 1111111111111 vendes 1111111111.
hetam>

5. 1111111111111111 1111 11 1111111111111, 1 11 11111111111111111
Ibam 11111111111111111111111 1111111111.

1111111111111111111 Is 11111111 111111111111 es 11111111111111, 1111111111
1111 11111111111111111 nem lehetnek.<³>

ἦ. Α 1111111111111111 1111111111 111111111111 11111111111111, 1111
’1111611111 1111111111 1111111111 Ii.

1111111 1 1111111111 1111111111 1 11111111111111 1111 egy 1111111111-
1 1111111111)

5. 11111111111111111 1111111111 1111 11111111111 111111111111111
sem 11111111111111 11111 1111111111111111111111111111 1111111 1111
1111111111 111111111111 1111111111 111111111111111 Ifilhet.(⁵>

1111111111 1111111111 1111111111 1 1111111111 111111 1111111111 Is 11111111 11111131
11111 1111 1111111111 11111 11111111, az 1511111111111111111111111 1111111111111111,1111111.
111111111111 11111111111111111111111. 1111 11111 11111111111111111111111111111111111111 11.

11111 1111111111111 1111111111111111111111 11111111111111 1111 11111 1111111111 1111111111 111111·
11111 11111, Is 1111 1111111111 (11111111111111111111111111111 111111111111.(011111111.11111)
11 11111111 sem 1111111111. 1111 11111ιὸ1111 1111111111, 111111111111111. 1111111111111111
1111111111Ιηί, 111111111111111 1111111. 11111 111111 a 1111111111 1111111 111 11111111 1111,

1111111111 11111 111111 1111111111111111111111111111,11111111111111 1111111 11111111111111111
1 1111111111111111 - 1111111111111111111111111 - 1111111 11, 1111 11 1111111111 1111111111
111111, 1111111 111111 111111111111111111111111111111111111111111,1111111,111111111111111111111
1111111111 11111111, 11111111 1111111111 11111 1111111111 111111111111111111111111111111
ez 1111111111. 111 11111 11111 111111 1 11111111111111111111111111111 1111. (1111111111.)
1111111111 11111111111111111 11111111111111111 15. §- 11111 1 11111111111111 1111111111111 11;
111111. 1111111111 11111111 1111111 11111111 11111611111111111 11111111 111111111111111 1 11111-
11111 1111111111111111 11111 111111111111111111 1 1111111111 1111111ιὲ111 111111 8 nup 11111
LII
111 1111111111 1 1111111111111111 1111111111 1611111111 1111111111 11111111111111 e 111
sega 1111111111111; 1111111111 11181. 111 XXXVIII. 1,-11,1 111111. 1111111111. bizum.)

, 11111111111111111111111111 1. II. 11111111. 13. 11.
1111111111 11111 1111111111. 1111111 11111111 1111111111 1111111111 11111111111111111111111111, 1111 n
11 1111· 11111 1111111111 111111111111.

1111111111111111.11111 11 1111ιιὸ1ε 1111111111 1111111111111 1111111ς11111111 Illam·
1111111111111111, 1111 1111111111 111111 11111111 11111111111111, 11111111 1 11111111111111111
1 1111111111111111 1111111 1111111111 11111111 11111111, 1111111111 111111111111 111111111; b) 11
1111111111 1111111111 111111. 1111 11111 11 1111111111 11111111 11111111111111-1111111111111111111;
1111311, 11111111111111 1111111111 11 11111111 1111111111 11111111; 11111 1111 111 1111111111 1111111,
, 1 1111111111111111111111111111111 11111111111111111 1111111111.

1111111111111111 11111111111111 111111 1111111111, sem 11111 11111111, 1111111111 1111 11111111
11111111, 111111 1111 11111 1111111111111111.

111 11111111 III. §-a.

1 §Ian a 1111111111111111111 111111111111111 11111111111111111 1111111111111 1111311111 1111111111
11111111111111 1111 11111 «esu 1111111111111 11111111 1111;

111111111111111111111111111111111 111111 11111111111111111111 111111111111 111111 111111-
1111 (11111, 1113111111. 11131111.)

1111111 11111111111111111111. 1 111111111111111 1111111Ιί, 11111111 11111 1111 1111111111111, 11111
11111111111111.11 1111111111111111111 1111111111 1111111111 1111111111 1111111. 1111111111,
1111111111111 111111 hiri) 111111111111 1111111 11 1111111111 1111111111111;1111111 11111 111111-

11111111111111.1111111111111111111111111111;11 11111 1111111111111 1111111111, 11 11-
111111, 1111111111,1111111111111111. 1 1111111111111 1111 1111111111 1111111111, 1 11111-
n 1111111111111111111111111111 11111 1111111111111 1111111111ς1) Iwgy 11111111 111111 1111-
1111111111. 1111111111111111111111111 11111111 az 111111111; e) hogy 1 1111111 1111111 a
IIII! 11111111111111111111111111111111111111111 11111 1111111111. 111111 1 1111111111111 111.
1 1111161111 111111111111 11111 1111111111 11111111 (12. 11, 11111111111111 11111111 11
11111111111111111. ( 111111. 1111.)

 

