1903.- 1 V. 1. 33. Α 11313133113311.

V. FEJEZET.
11311313ο1311)

38. fi. A 1131311311333 3311311331 1111113311 3331333311 1133331133, 3 3
13113331131313113311 33 1331131133 1311 11311331133113311 11311113311311311113
333333313111.

3113. Ε 133133 3111113 3 13113331313131, 313111333131133 3331111 33
1113111113133131 3131113 3 31131313331311 333 1111111133, 3131133313131331.
3 3313311331, 13333131331, 331113- 13 1113113111, 13333131313131331, 11111-
31131131 13 1331113131 3131313331 1-1 1111111133, 1331113111 3 11311133
minister 11131 31313313131331 131333131331111, 3331133131 3333311131 13113-
11111, 3313311131 3 1111111133113331, 13133- 13 133331313131113331 1331313311
3331111 1111333333111 11113312)

40. fi. Α 111131331131 1313133 3333333311113 1133311311113 131133131313131·
1113 1113 me .

133. 1181113133 1131313311313311 3111331131313313 3333133 1111111133-
1131 1133331 1133311331 11111333131131313113331313133 11133311 113311131111131-

-“----- ,-. --.,.-,..,..-.,.--..

1111311111113333113 111131131131 1133 3113333 11111133 3311311111 1111113 3313313131 13 1113311.

113111333113131311313 11331313 13113113 3 113131331131 133 3113331131111 1131333331131, mint
3331113131 13 3313311113, 33313313 3113311131 1311113113, 13113131331131113133 indul 31 3311331111 3113331311

113133111111113331311,331133333333113111111131133111131113, 11311313 1113111313 131 3111333111113-
1133131 1311311113 minden 11131311 13133113113131. A

Erre 3 331133 3 38. §. 33311111 133 1311113 1333 131111133ηά1, 311313 13 ’3113311 ,1. 1331313313113·
111113313133331113111311331111111, 331313131311113111131 333133131, 333313131331, 333311311333
131131 3331113111 1313111111 13331.

0333311111131331113 1331331131311131 3311133 3133113313 1333 33331133113311, 3 3131333 1311311331
313131313113133311313311311111311133 3 111. §- 1313131133 3 ’13113331313133 mint 13311131) 11311313
33 313 3 .

De 3311133 3 1111331333133131111, 1133 3 113331311131111 13 3 tendes 1131333331131 1311313111 13 11-
3131113333 313131133331311331313111311 3 3 11331113 13 3 13331331311313111311 pomos, 33333 13 333-
1311111 13333113511133, 3331331 3133313131133133133313311, 3 31111 331131 13 11131131 11333 111111 en
(3111311111111311131133333133131313331311311.333311313331 3113111131131 3111333 13 11333313 13113311·
3311131131 1331111 11 31311311, 1111111 3331313311 131131311333131133111113.

1133133 33111 1111311313 11. ,1. 333 113131131131 13311113 3 3311313331 3113131311 3313311 333111-
133311133313113113331311 13331 3311113.

13311313313331331113313. 1313131331 3 13311 1113311311 1113 13 11111 11133333113111311 3113113133 3
1313133111113131313133313313113133311111111113, 3 33133131 11. §-a 33 11131. 11333 3 32. 511311
31113131331131111133 1111111331131 11311311113111333, 33 1113313131 11113 13111333311131 3113133 1311111.

1131131 331113313313331 3113133 3331331133 331 13 3331111313, 1133 3 1313111331 3 11313133111131
13111111 13131 133313 3133311331311 1311331131 1131113131 333133113331111, 11113 1111311113113131 333331.
13333331 11111 a 1331133311111 13111113131113111113133311333 3 11311 1313131331331 13 133131331 13113-
131131111131 1113331331 113131131111 13 33313313333331 333331311131

1133113 1331311 1111333131 3133331111 3 13113331313133331, 1113131 3 113131 1311313331 1113111 111-
33311311.

111313113111311313133 313113331131313111113 33311113333111111, 1113331133 3 111113313111313311133 313-
11133133 31311 1111 11133113. ’13311111 13 1331311311 31333133 3133113333 1333 333111333311111, 3 1113133111·
33331133113133111311311111313311311 13 111313111311 3 3. 5. 3 11113331313133331, mint 3 11111113
’13331331131131 131311333111 13311131) 1311313331 13313 13313. ¹

111133 3 1111311331131 131313313333113333113331133131113131133313311113331 11111313131131133 113311131331
,01111ῑὲῗὲ 111135111111116111911131111111613111111111 131133313331311331 11333111313311-1 13311 11313311
1311331» 33333111131131131, (11313. 1113133331133113.)

Δ 33133131 38. 13 mint 111331 13113 311, 3111113133333133311 1131333111133311113113311133313333311311;

139. 5. Eun 133113 313113 3 13111333111113133, 313111333131133 333113 33111331111111, 133131 333113 3
1131313313111331111111333, 3113111 1313111111, 3 3113311331, 13331131 i. 131113-13113111311311331.
13331313131311 3111111311311311331 13 3311113131 3131311331 Ι-1 1111111 11131. 13311111 3 13113331313111·
111313 11333313 311111· 13 133313133311, 333133131 3333311131 1313111111, 1313131131 3 11113113113311,
1331-131111313113131113331 1331311131131311311 11331333ηά1 101333 (111313. 13333. bimus.) ι

11333131 Tamum. 19111. ὅ

 

