1903.- V. t. ez. 1611616113313 1131131313361313 1311311161. 11

1313133311 3113331133 3 133661·131111331,111316131 1311311333, 3331 31363-
1133131333 333163 3 133333 31131 3 16331133 1331113311 11331113316.

1333613133 113- 63 331116336131133 63 13363333 1336333 3313331133
az 31131133ς [1111331 63 113133131313 16336131133 3 3361331633133131111.
313311336633611 16131113311311 33331 1311311333; 161363113163311 131131
1313313333 3313331133 3 133333.

, 11363113313361331633333133, 3 11. 63 1113113616ιό 1113111331 333131-
1133 3136 13133 3 13361311 131111331361 33331613, 3133613133 3 3361331633-
rosim. 111. 31133133661361 1613111313, 1113133 1311311333; - 313113
611636 1113133 33316133 3136 13133 33 3161316331, 3333613133 3133633.

1313361133 3 13161131313131.

1. 1131331-831333333333131133 33 311331 1613631313333131 1113161331316-
36 31.

g3. 113131133661361 13163311 1311113163 33 31361313 1336631 11131316 111133-
136331 3 1313333611 33366113111331 1131313131)

1111. 133 16116161, 3 11 11333113, 1311 131331 33336613131316331331
131313313113 63 1311161 63 613 311336633 33 313331 1331113163 13111, 33
11313113111113113 36333 13336116 1311613131 13311311 1313161631 3313661163
313133 3111.

11633611 1613161133316131361311 33331133 33313 133331133 1333313131-
[1331131161313 31311311 3333331311 1331 63 3 1633613131361311 3311, 131331·
ez 3133111133 616311131311, 1113113313 1311331311, 1113133 3 13333133 3331633
me 3613113.

gem 1313161631 33136611 nem 361316, 33313 1633611161316113 3316131-

36131111313313 nem 1311331316 333313 1116161331, a 11 3333 1613631133-
6311336331331 nem 1311 eleget.

Ezen 1613631613113161116331 33 1886. 631 xxl1.1.-ez.15.§-a 13131133
11361 1311331311112)

---...-. ——- -ῌ-...ω-α--η-ᾑ-..ηᾞα

(m 13131133661361161 3. 6. 31311 1111111111. 1. cz.

· Α 15. 1. az 31636 11, 11. 63 11. 1-31133 313131131111311 11131331 3331313133 a 111331363313163-
31333 133313331331111 3313313331

111616311333131 1336311336331 1613631313 33311663 3331633111161613133133311313 1311113163
vale 1311313331 61161333111133363. 33 18811. 631 1111. 1.-33. 15. 13331 erre 333311336 1331111161·-
ven 33 131631366331 1313113131 1333111, 131331 3131333131 16. §eben 111313363 13 363111.

1311311 361133 3113133611 1613631 333631136331331 eleget 13111611616131331316336113113311
Ι313131111163636163 3 1633311 1111316113 3316 13136131616113133633136131311, 1313361333611331 133131-
1331, 1311 33 18811, 631 11111. 1.-33. 15. §enak 3113 3113311316 133631336331, 36611 13, 3 131133 ,1
16316311311316 313 1333 331316, 3 1611631113 3111333113331 113613333331, 3 311 33311331 13 1363131311,
11311333331133131313111311111116131331 33 111331 1311113133 11116311136331313133 1316 131163136333
*miggene ῃ1111161118η1111111111111331331 313131 nem 1336 1116161331 sem 1313111631 33136311, 33311
ι1633611 1613131111 3316 13133131 nem 331311311361316, 33 3 1613631133 316331 113331336131131316113
136313113111. (Min. 11111.)

Α 15. 1-133 3113311311 3 1. ,ξ’-331 1311316633116331311133 3 1633111336 3663311333131133311

az 1. b) 113311113113111 3 13111113 3 1613113311 336131 1313613111 el:

16) 1136311331 3361331613133133, valamine 111331631111331131313 163613113331163111113
11636111113331336161133 3136131133 3 131111311131111331331 33331613, 3333613133 3 1613111331 3311
1311311333, a 13, 1-13 1111636 1111133 333163 3136111113 33 3161116331, 3333613133 3133333.»

1611113111133113133 3 333331 1311311; 1101131313 13131333661361 van 1313111133, 333311
13113113 «A 1311333661ερ 1 133366.. (161111. 1113113311. 61311113.)μ ‚ ἢ
ι1111.’111111111111111 161111,1’610111111111111’111111111111113311

1 .

11111γέ13113 1136113 16136311333313131 1131133331 s 3 11163611 33613331311331111161 13113333 3131131316-

 

