19331. 1. 33. Α 3331333333333113313333311131 3111333131. 17

13116131333133331 333133 3113 113111 100 11131333333113 1311311311

510 133133 1311133311 3 3331313331, 3333 331 3111131133131,333113
11111111 3313333133 3331331 3113 13313311 3133133113111111313133
1331 3331331 3113 13313311 31331 33113111 111313 1131111333111.

Ez 3 3331311313 333 1313113 1313331311 31311131113331133331113331-
133, 3 331131 333 133331331 3331331; 3113313113 333 3131333311 az 3
333133111311313 13331113 3311111333113133 sem.

1. (ῙΖΙΚΚΜ)

Α magas 33333111 13131 1111313311 3313131, 11311 313311311133 3311 13-
1333131 3113131331 11113 313331 3311111133 31133 3333113111133133331
3331331, 3 331133331131 1333311313311 113113111313133131 3131133313

1133 11113 313 333 1313131333331311 3 3313333131 3333111133 31311311
1113331133 33111133313111313133131331311 3 magas 13131 3131311113 133-
133113 3311331 313131, 1311 3 maga 31331311 3311111133 13131333311333133-
331 3 1313313111.

13 1. 33111 s) pontja 31311 331113113331333111333113113113111131331331
3311131113 3311111111, 1313333311 31111 3 3331333111 3 3. 33111133 331-
1311333311 133331 13 3 111131311331 3 1313 131131331113131331133131,
1311133 111313 3 7. 33111 3333131 3333333311 1113311 1131311331, 1311
311 33333111 11133 1113311133, 33 111 331111311131113333131 13111313311113.

1. 1121111112)

133133 33333111 13131111331131333 1111313311 3313131, 1311 131333-
1311313133111131 1311113311 111313 33113113313111 mega 333133 1313333111
311 3 33333111 1113331111, 31313331331 333 113333131111 13 11313131111,
3 331131 333 3131131131 1313133131 13 3 33113133 3 8. 331111331311311
111313331131131 1133131331.

A 3111333133 13 3 31133331333331333 1111131131 313331 1331311311.

- --—-.—-.— -.

13311, - 13111 3 1313331311 313 1113113311 3111 3333133 valo 33111111113313113311133, 133111 333-
1311331331 11131 3133331131 11133 3331 33 1113331, 3 331131 3331331333 1313331331. ’
(m 33 311133111133 11131311 31131313 13131331, 1313111113 11 331111313331131111331-
3313133131133 13133311131313333113331331,1311331333111131111133111313 nem 1313133311-
1 3113 1131133113333111313133311. 83113111111331 1131133111 31333 33 3 3313113313 3131313313 31113-
1131331,333111133131133133111111311313131311 3331331331113331331131331111331, 3 331131
az 3113333113 nem 3331313331 13 1313133131 11331. 13 311133 1113331331 33313111 1131331131
13313113,113113133133331133313331133113131133331113113111 31111311. Ez 1 33111 1133131131
33113313333133313, 3111133111311113331133131131133111113 111313 31133, ha 3 1313133 u
3133131133331331313113113311311 3331313111 33133311. Erre 31313 11311333 313 az, 1311 a
3331333331 az 3131333131 3333131 3313331131 313131 3313131311 113 1311333311 3 1313133331, do
13131131 333 1133, 13111 az 3131333133 1313111 331113 33333113333111113111133111133113113, 313113333-
311111133 1113311133. a 1313133331 111 31133 3311 1133311311, 111313331131133111131331131133-
11133.’13113311313331113313113331131113331333313113313313333, 1311 3 magas 3313113111 33311
311311131113331333133, az 1113313113 11331331 1113331 13311313, 33 3113313113 3133133τὸ
1111111133111133133331 33133331 3333133, 1313331111 1131133113 3313133333. V. 1. 1911 ;11. 1-3. 1. 1.
. 12113 111111 331111 1131331113 331, 1311 az 3113313113 3113313331 1113331 1311113113 33 1131333131-
133 3113113311113331111 131133331311111 331333ιὸ 333133 3 1313331311 3131311333131133 31333311-
111311111111111 1111111111111111111111131113111111131111111111111
tesan 3311 1131311133 333313311111. 111 333331 3133 3 3313113131 1111 1311-1131133313 3313333
111333ἰ131ι13113116-,11313113113333133133311313133 311331313131 3333133, 3131 13113333 11113
amo 13 3133 .

1393113631131911. 1

 

