1903: VI. 1. cz. 13 31133111333111. 81

5. fi. 1113133131, 31113313 3331 3331331313 3131111111 3133133 3331113-
3131133 113313311111 131333133131331 1111113111 11 1113111111

6. fi. 11113311 1111111313313333311 131131331;

1. 1331333313133ε

1. 31333311133 3333133311 13313311 31333133 33 3113313;

1. 113313113113131 133331 1313311331131333133 3 33311313ρί1131;

3.3 1313113311 33113311313331 3333133 1131111 11133333113313 13113133
3111331331 1331113133 3 1113 11133

1. 1133113313133111311133 3 1131111 1331313131.

11. 1133311-831313333331331133τ

1. az 33331333 1333131331 1113131133 3113331311 3133331133 3 3331131
1311313 1131113;

1. 31111113133331133 13 11331331133 33 3113313.

Ε 1311313313131311333313131133 133133333313133 3 13113131313133133, ·
133311-831333333311331133 3 1131133 333 1313113313331 helyam)

7. fi. 1311133111 1111113133 33 31131 3331333133 3333333131 1311131331
11311 33 3 1311313 1113111331331133113111311331311333311 3331331311311-
1131113ς 13 331131111111113 13111, 33 3 1311313, 33311331 1331113113 313131
333133 13113113 3311; 3331 13 3 3333133133333333113311331113113 331111311-
133 3333 131311, az 3 1311313. 31311331 1331113113 1133131 111311313331 113181

11113 11. ,1331 33 33 1113131133,1331113133131133331331313 31311 11111 3133113 3331 1113313133
111313311111131333133131331 1111113111 11 1113311, 11331333131331 3333 1333311311 33313113313313 3133-
3311. 33311 3333131 33 13333131133131 133331 33331131 3311331 31333111111331313311133131131311133
1311ἱὲ1113131133131111 131333133131133 33333111133. (Min. 1131.) ’

13 11 133 13133 13131333 13111311111133 1133113311333133 33 «3331311313 333131 11131 1311·
31321) 33133130, 19311311 313333 133311. (1131313333. 1133111.)

1 ,11. . .

111. 5. 1313333113 333131 3 1313133131, 3131131 33111333131111111113133 1133133 1333331 113 31111
33 31111 [3313113311 331131333331, 31331 311113 1131331313 11331133131133 33311133313111, 33 33331
133313113113111311133131133133133333311331311133111 11, 311 331 Magyarorsza'gra 31333 3133-
133333111. 1133111-83133333333133133 3133313 31331311 13331, 3113313311 3331133 3 1133131133 131313-
131133 3111313, 1113133 111333 11133133.

1 13133133 1331133133 1331 3111313 3333131 3311133313133 313111131113111313311113111111113113113131
31311113, 3313333131 31311313113131331331133 11111131331 11. 1333133313, 13 ’111313113133111131
331311131311 313131 1313333133. 33 1113311113331 3331 3313311311 13 3, 113 1133 3333 3113131313ῑό,
133331 3111111113311 33 3113131111 131331333ιὸ 1311313 3113331333 311311 1313131131. Λ 1333313111. ξ-13
3333131 33 1111313131 1111111133 113333333313133 31313331311333 1131133131131331311133131331113,3
1131131131113131 133331 [313311331131333311333 131 3 3331131 1131313311113 13113131111333, 313-
1131331 1131113313111313111, 3111 131111 133333131133 3 1311331133, 1333 3111331131 111113131331
13 3 1113331133 3133133 1331131331 1311333313 11131 3331311131311 31313131311331313311, 3 3111111, 1133)·
1131111111111111111’1.111111111111.1111111121111111111111111111

1131311133 33 311331 3313333311 111333 11311313, 3113313331131313131133313 meg 33 1111113131
111111131331. 1 1333113331 3311· 3133111 3331113131 31331133111313 131331113333113333111333131 1111-
11113133, 3 1 1113311133 11313133 3311313113, 331113111131 1313331311113111 3113113 11133133 33333131
13131113331113133311133313131 131111 313133313331131111113113 ki: 31113113 33 1111333131 111111113133
11136133 3113 1331131331 11311131 3331 13133 13131311.

1133111-831333333331331133311133311133313111713111133 3 331313333133, 33131111 33113 31113-
11111 1111111111.,ῐῖ11“111111111111,11111111111111111111111113ᾖς’ ⁸² “’“”

1133331133 3331 331331 113311 1331313333 6, §- a} 3 1311111 1313113133 sem. 31313 33311313
31113313111311 11133113333111333131 113313313333333131131311311131133 3111313113111, 3 3131313133
113313ί 13311331 33113 3111311311333131 133313333313333 31311333113133133, 1113133 3 133311 113 33113-
131 3, 113. in .

16112.3333331113113111131.13333111133111111111133 33333 131133 me 1311333311 1131113131-
331, 133333 3313 1131133131131111113113131 1313131, - 3131 13133131133 311113 331133113311,1331
«1111331111111111313313333311 1131131331.» - (1133. 13333, 1133113.)

1311 133331311. 13 3333131 33 3111333131 az 3 1311313 1333 1113111331111111331, 33311331 1331113113 33
1113331311133133331 1113311133 13111.

1133133 1133131113. 111113. 11

 

