22 190311. t. cz. A 333133333133111333,33331331133313333333333.

1313133333131 3 1111113 3 3131313113111 3131133131 3311113131, 1331311333331
3313 13313113333313311, 3133133133 5. 33 8. 33111311 1313331 11133311.

Α brit 33 3 31313131111111 3331313131 es 1111131311 1313331333331311113 3313-
1333361113311133 1381311 3311311333131 3111311311 1111111113.

11. 1211111111

A 13131133333313311331331311 1161331313 1613133311338311 31313113]1333,3
313333113333111133333, 3131 van 1311113113 33 egyes 3331361111 31133131 311131-
133313 311131 1338111131 3131133331 113 3331131331 1311331111313311.

3331131333131131113113331 113133111313113311313331331133331331111 111313313311 3133313, 31311 1133)-
Britannia 33 3333331113)1 1113131133 minden. 131311 3331161313111131311111 3311313311 1313133333 333131
11113 is, 3 1313133131 1113133331ιό 1113131131 1311113111 1133331131. 11131113131111113111111111311331333103333·
land, 113131 &s 11111-113131131113 111331131331111311 333131131133133331. ,131113 111133313311133 11111ιό133 313
nagy 3 313311311133, 1133311 311 1311111313 11163 131111, 3111· 33311 3 1111311 is 331115311111133 3333131131313-
113 3333313111 111313331131333. 31133 3333311113 1313113311 33311133 333113 13; 113131 331113 3131113133 11,
333311 113131133331111111113131131 11113131131131113313113331,1131, 113311131111333 33 is. vajjon 1361133
1333333111311313131131133311111313311133331331331311331, 3313113311 333311 3331131131 1333133133 13]-
13131113113313 333131113133.

1333331331333313331111313113 birtokok 1111111331 1333313313111 1113111133 33 33131331 3331133313113
11333331311313131131 1311111 111133 3331 33 3111311Ιί, hogy vajjou 3 33111311131133313113 3333111133331311133331
333133311333311-13 1113333311ιὸ 133131131311131313331 311113113333113311113113133331133, §s 1333131 1333
11111-113131131113 3333131333. ,13 31311 1111111131 1111311133Δ 11333333 111, 3 mik 13313111) 3 333131113133313113
33313131 ango! koronagyarmnwk 1311313111311 1333131131, s 11111-113131131113 1333313313333133331333131-
131313113 1113111133 11131 1331333111, 331111 3 1ὅ11111 ango} gyarmatok 13 1111131311 3333133133. 11111-
1313113113 3313313 3333311111 33313113133113313111311 11111313 1331131133. 1111111111 11111133 13131333 333131-
11311333131131 1111113 3 133333133111133331 1331131111 11111311 313333 1311.

1111313131 3333133311111111 131111 1313113 1111133133 13133, 113311 111111131311111113 33 331331111311133 113331-
111111133, 31311 1133331 nem 11111113311133111311 1333113331311131113 331 3 1313331333 1111111311 [1333331131.

13331133313111313133313331 33111131, 113 111111131311111113 333 33331131131131113 31311 nem 3331133 113
1333331116 1131313 1313131333113331313133131113131131 33311133 3113, 1133)· 31331 is 1333 Brit-Kelet-
1111113 az, 3 111311 1333331111ῑὸ 3131311 311131 3 1333113113333111133 1111313311 313131333311 3331131 31133, 31331
133113313131111. 113331Ι 3333113331ρι3 13113313 31311 - 113 11313 is 3331313311 az 333333111331133 — 3
1113333311ῑὸ 1113131131 113 113 3331133. ‚561 3113313311311 1113111333 13113111, hogy 11111-113131131113 31111 111111 is
11333313333333311311133, 31111 113111, 3111161133 13111331 13313 1331331 3 131311333311 33311131 1313331111.

113 131111 311 33 3313331131113311333111313 ’1131111131 (es 3 33311311313131131113 1113113111313313311113
13131313113111113111 3131111311. 3131133311 313333311133313113113331311 1113 3131111133 1313313111311. 33111131-
1111113111311 3 11111-131311311131 31113331 3111311111131111333 3113111311 31133311, 111133 113 33 333331313ἷ1133 1133331-
ι11313311, 33111311111131113111311 3313 133133133311113133311 1311133131133 1333131111311311. 111111 1113133113-
311133113111 311331»Ι 3 11133331333113113113313313 3111131, 113 11111-113131133113 33 311333311331133 113331 3313
111311 113, 11333 33 33311133 133111111311133311111-1131311111113331 33111 3331311333311311 3111131331 1331
3113 1313131111 311133 11131 31631331111331. 113 11111-113131131113 3111· 33 11113 1113. dgy esetleg 1311333 1333
3311131131313113113311113313113331,11331·113-1131131111111133313131 11313 1313, s 3111131 131313333333 3133-
33111 3 313313133111333113111 31333111. Nem 1313131311 33331133, 113111 311111-11313111111131 1313111331νὶ33-
33311313113113 1ὅ331 1111111133 311 3331313111, 31311313 331113333133 11111 33313113131311131 13133333 mes·
1313133311311 1313311331, 113113 1311313133313133, 3111131 1311335331111 111111 13333 33 1311131113, 3138311111»
33 1111133311 1111131311 11133131113131111 33311133133113313 11111311 31333111, 1133 1313331311113113111133331133,
113311311111·131311111113111311311113113311113113113. Aug 13131331131δ 131 3 11111-11313111111131 1133313133τὸ1,
11333113 11331 11333311311333 311331 333113113113311311313131311333111113. 3 11113 1313 1113313311311 3313-
313ιό 1313133333 3311131131 11311311131113113313 3 13133311, s 3 11113 3113313133311 3311131 31311 33 31111111
116133131311333331111333133113133311ῑ 31131133331133111131313131,31311131 333131 3 11111111 11131331
113331-111111331311113111)·11131 1131331111ὄά133 31311311 3111111111. [111313333113 1111133133 13133 is 131111,
Qun 3 3133131 3311113113131313ι 1313111133. 11333 11111-113131131113 33 333333111111133 113331ἑ31131133, Brit·

3131311133 33 333331311131111 1316 3331133133 1311313131311133 3113 33111 131131 311 3113, ogy 113 31-
31331333333311313333113333113131311133, 3131131331313331111 3331 1311113133333 1331131113-133311111
1133333133- 1131113ιό1113 1333 3 11111-113311111111113 1111313111 11133131 3331311111131 1111133313, 113 3333533·
13131133 113331111311311. 13131113 33131 33111 1333111311.

(11111333131131111 3311113333133311111331, 33 331 311113 31133131 111131 1313 31333163111311 333111-
113333, (ts 3 1331131131ιὲ3 13311331 111313 3133131 111113. 111 13111311 1-111311111 meg, 33111 {kz-en 1311111113
111131113ῑὸ 33 a 1131311111) 3 311311, 13311 3111113333, 1133)1 1331131111) 33 ev 13111311 1131113311 313113 133111
az egyes 1111331311 111 3 3331311313131611 is, hogy 113 [113-3 1111331 3333133131 1-11131, 33 3313311113 1131
131331131ιί331111313111333333331111333313333331. 113 331111311333331133 id& 3113 is, 113)1 31 133333
(1113111311111111111111111 311131, 113 33 3133331313) 31111131133113311316 11133131 131331311113 33 331133-

 

