19031311. cz. A cmkora‹16-t‹5we·nyek 133313311333331. 41

seges 1311313131 33 3133133133ιί 131333333331 13311311, 3 1333333131 3113 3131
1333133333. ¹

8. 3. 1113311331 1131313331 1331313113 33 33 1899. 331 111111. 1.-33.
11). 5-1333 3133 333331333333 33533133331133313133331 3331313333

3) 33 333333 3313311113 333333331313133331 vagy 333333 1331133133 33331311
333331333113331 1111311 3331133 3 3333311 [3333133133 3333113, 3 331331, hogy
3 333113333333 333333311131333;

b) 33 31333 3333333 33313 3 1131331113 31333333 33313133 1333313
131333331133 333311333313313333 3333313131111, 3113 33313333 1331313113.

1311313133 3333333131333 31331131 3 1333113111 3131333 1133311 333333
333113333333133333 3113 1133 1353333131 ado 3333113. ·

313133 1333333 3333 33 33333 333333311333 13131 31311311 3331313133
33333 3333335333 33131 3333113311333333333,3 3333333313131333331313-
333113 1313333333 1331331133 13311311, 3 3333333133333133133111131 111 11-131
1000 11-1513313313313 333333313133331 3331313313332)

9. fl. Ajelen 11133333 3 3., 1. 33 8. §Mat 1113131353 3131313133 333113,
3333333333 pedig 3 33333333 3333133311 133333333313 1133331333 1133331133-
ben 1901. 331 3111333133 5-33 33131133333133333331 33313313133133313133
33333333311131331331. ,1-33333313333133 3 3333333131313133 333 3333333-
delemfigyi minister‚a 13331 333331333333333 333313333133 3331333333-
33331313133 3133113 133313)

11 13 7. 9-333 1331311 33333133333313 331133313333311311 3333311 3133133 313313333331, 33 11131.
33333 333333133333313313333333 33 31333 3333333313 moly 1113133 13333311333313133 3333 1333333·
1133 3311113331 3331 333333 «3131333331 3131111113133 3333333333 131.-1”.11. 11.. 11. 55.. 1111131331.
111111. P. M. 33 tend.. 3313331 33313333 3 131111, 333- 33 333131333313.13333 3133333111 3313333113-
333333 3133331333333 1133331333. 1111113. 11. Τ. 111.)

121131-33113133331, 313 3331 1113333333 31313311331331 13331133111. 11311. 3333133311
1331331333 333311133333313333133133 131133311311.

131 V. 3. 111113 aug. 11-33 731119. 33. Ρ, M. 33311, 3 3333333313 333311333 13333333333311313333-
333 13333331113311333. (R. ’1. 1131.1; 11111313313131111111. 33. Ρ. M. 333131..333333333313331ηᾷ
3333333113 31331113133313313311 311311331311331113311133. (11. ’1131113 3333131133 33333 3. ὃ. 1911
13331. 13. «3333113311 313133. 1313113333333 3. 113313333333 d. 11311131133333311333 11. 1331333333·
331333333. 333 13313333333
ἱᾶυὸἑὶειῖῑἹῖειυτ 331131331333, der 3113.13333333313311333333333 3333333333 3333333333 333313333333.

’ . 1.33.,1111’. .

Α11331331331333111111133133. mik} 31333333 3 33331133311313133 3 33331113ιό 133333)’]’333313131
13313331311333.13313331331313133333311313133333 3313 3131113133131·, 3 3313111. 3333 3 1333313131
33 3331333333 1313 1313333113 33133 1

IMrve'nyjmmla! α 33313133 3333133331 13333333313313313331313333313331331333133311333331
33 11393333333331 333111 1903. 331 ΙΙ. (3333333333 3333311333όί.-

1171.3133313333313133131133131 3113313 33113333113331333 1331333331331 33 313333311333331
33111 111113. 331 11. 133333333113 5. 3311. §M 3133331331333 3 3 33331133313333 133331 33313311

5. ξ. 31. 33 111111. 331 313331133331133 33113333311331 3331333333313333119113. 331 l. 1333133-
niu) 3133331331 13133131313313111 3 33331133311313133. 3333 3313 333333 3113, 3 13313 3 magyar 333333
3331331331 33 1111131131 31113313 (1111111. 331 11111. 133333333133) 31313113 3133113331 1331133333 1133313311
3131133133133 33 3333333133 e's 1133313 33 13333333313133 31331111113113, 33 3311111311 3333331333 3333-
3ἶὺ333ξ33ᾰ13ξο133133331ὦξ3ὶ1 1113131131 313311333333, 31ι313333131ἳ313κ1113ί13. 113313 31113 [3333331131 3331131.
33 · ,33 g 1333 333 333333333331331 . .

11333 11131311 3333333 333333 3331333 33 3111113 33313313 33. 33 3 1133113331 1313133333 33331333
31311331333333 33 3331333333 13. 33 1113111131 3113313 1313113113 1333333 333333 33331331 1333131133 33
1133313 33 1133333333131333133311113113333333113, 1113333 3133113 3 13311 1313133331 3133131313 111313-
3131133ῗ1333. 3111333333ἀό 1113133 3 3111113 11131 1133133113 13, 3113111113 3331333333 3 311313 3133131
113 3131333133.

13311131 3111 1313331331113;

1. 3 3333333311313133 111313 33. 313. 33313111 3333333313131333313333113333 33331133113331 az 3
3331331333331333. 3 moly 33 11331131 3111313 31311311 1133313 33 113333383νί333 331111113113;

 

