1911111. t. cz. A 11111111-1111111111111111111. 37

19113. 111 1111111111 3111111111 1 1111111111 11 11111111, nem 1111111111
11111111 1111111111 11111111)

3. fi. 11 1111111119113-1111111111111 1111111111, 11 191111. 111113111111111
1-111 19111111 augusztus 111 31-111 1111111 1111111111 havi 1111111111
1111111111111. 11111111, 11111111111111111 11111 1111111, 11 egyik 11 szepoembef
11111111 1-11111 1111111111111 111 1111111111 11 1111111111 1111111131111
1111111 1111111111.

11111111111111111 jogositva van, 1111111111 11111 11311111111111111111-
11111 11111111 megengedni, hogy az 190111903-111 1111111111 1111111 111111-
1111 1111111111, 1 1111111111 11111111 1111111111 11 111111 111111 111111 meg-
1111111111111 1111111111 1111111111 11111111111131 1111111111111111·

u(

11111111 111111111111111111 11111111 111111111111111.

11 igy 111111111111111111,1111111111 1111111 1111111111 111111111111111
111 1111111111 &s az 11111111 11111111 1111111111 111111111·111’1111111111; valamely
ezukorgyinrlelepre 1111111111111 111111 1111111111 11111111 111111111111111
1111111111, 1111 11 11111111 11111111 1111111111 111111111ῑὲ1 11111111 11111111.
11111111111111 111111111111111111111111 11111111 1111111 dologi 1111111111
11111111 11 11111111 111111111111111 11111111 1111111111 111111.

11 11111 11111111 1111111111 111111111111111 11111 1 111111111111, hogy
111111111111111 111111 1111111111 1111 1111111111 1 1111111111 11111111111111.(21

.,...-—-.-- —ss—4——fl——nfl .- --ἡ

1111 ’2. 1. 1 1111111111 1111111111 1111111111111111 11111111Ιό11 1 1111111111 111111111111111111111111-
nah 111113. 111 augustius 111 31. 1111111111 11Ιὸ 111111111111111111 11.

1211111111111111111111111,1111111111111111111111111 111113. 111 1111111111 11, 1-11 lep
1111111111111111111111111111111 1111111111 11111111 1111111111 is 1 11111111111111 1111111 az 11 1111-
111111 11111111 1-111111111111, 11111 11111111 111111 is 1 1111111 1111111111 111111111111111 111-
1111111 1111111111 11 1111111111 11111111 1-1111 11111 11111111 111111111111 11111111 stay 11111,-
11111. 11111 111111111111111111 1111111 is 1111111111, 1111111 11111111 11111111 111 1111111111 &s 1
1111111111111111111111111111111111 11111111 mn vegzfidj&. Minthogy pedig 11111 1 1111111111
11111111111111111111111111111111111111111111 1. 1111111 1111111111, 11111 1111111111 11 volt
1111111111. 1111111 11101111 1111111111 111 1-11 1111111111 19119111113-111 1111111111 1111111 111113. 111
nugusztus 111) 31-111.1 {og 1111111. E §- 1111111111 11 1111111111 11111111 111111 111111111111111 111111111-
1111111111, 11111 1 1111111111 1111 111111111111111111111111 111111111111111111111,111111111111111111111
1111111111 111 1111111 11111 is 1111111111111. 1 1111111 1111111111 111111111111 1111 1111111111111111
111111111111 11111111 1111111111111111. 0111111111. 11111· 11 {gy 11111111111111 111111 1 1111-
111111 111 1111111111 111111111111111 11111 11111111111111111111111111 1111111111 111111111111, 1111111
111111111111111111111111111111111 1111111111111111, V. 11. 1111111111. Ι.) 9. 5.

11111111 1111111111 1111111111 11111111 1111111 111111111111111, 1111111, 1 111111 1 1111111 11111111-
111111111111111111111111111111111111111111111111111 11111 1111111111111 11111111111111111 1 111111
«111111111111111111111 11111111111111111111111111111, nem 1111111111111,11111 1111111111 1111111-
Ι111116111111111111 ῑ111111111Ιί 1 1111111 ta 1111ἰ1111111111111111111111111111 11111111 1111111111111111111-

11111111 ι1,111111111111111 11111111111111.
γ811111111111111111111 1111111111ρε 11111 11111111 1 11111111111111 1111111111 1111111111 aus> 1111111111
ily 1111111111 1111111 11111111111111111 induami 1111111111111111, hogy 111111 111111111111111 11111
11111111111111111111111111111111111111111111111 1111111111, 11111 11 [gy 1111111111 1111111 11111
111111111111111111111111,Γ1.111511111111111111111ἓῖ5111111 1111ῗῖ
111111111111111, 111111111111111111111111111, 11111 1 1111111 1111111111 1111 1111111111 11111111, 1 1111-
11111 1111111111111111111111 111111111111111111111111111111111111111111 1111111111111111111 111111111-
11111111 1 1111111111. 111 11111 nem 1111111111 1111 111111 11111111111111111131111111111111111111-
11111111111111111111111111111111111111111111111111111111111111 1 1111111111 1111111111 1111111111-
1111111111Ιεῦ 11111111111111 11111111111111111111111111111. 11 1111 111 1111111111 111111111111111 111111
11111111111111111 11111111111111111111111, 111 111111111111111111, hasty 1 1111111111 11111111111111111
1111111111 1111111111111111111 111111 1111111111111111, 1111111 11 ‘gy 1111111111111 11111111111111111
11111111 11· 1 11111111111111111 111 1111111111 1111 1 11111111 111111111111111111 1111111111. 11111111-

1111111111111 ily 1111111111, 11111111, 1111111111, 1111 1 1111111111111 11 imminua-ihi 1111111111 ·

1111111111111111111111111111111,1111111111111111 111. 1111111111 11111, 111111 1 jalen 1111111-
111111111111 1111111111 11111111111111 1111111111 11 111111111113-11111111111111111111 1111 111 1111, 111-
11111 1311111111111111111, 1111111111111, 111111 1111111111, 11111 1 11111111111111 1111111111 meg-
1111111 111111111111111, 1 1111111111 1111111 1111111111 1 1111111111 1111111111 nem 11111111111111111111-

 

