1911331. 1. cz. A czukom 3333111333 1131113311113131133313111. 11

83 Μ313313 13 11313’113113;

M. 13 333113333331 1133133 1331313111, 833 131313 111113313133113 31 Μ11.
313113 1133113133113113 1133 83 Μ313313 131131 3331131133;

Μ 13 331331333331 113113 Μ313131 ,1131313 3313113133311131133,1333311131.

83 Μ313313 13 113133 3331313133

Μ 1313311331331133131, 8331131313111113313133113 31 Μ1313113 113111-
13133113113 1133 83 Μ313313 131131 333 1131133; “

M. 13 13133 1 31131313 33 13313311, 11331331 311 31311, 1131333331311131-
1313113 3’11113311;

M. G. 1331331131, 1333311131 3 13 Η313;

M. 11. 133 11333331. 1333311131 M 13311313.

83 MajeslM 13 1131 33 83333 etde 11311313ῑ

1331 13 83333

M. 13333113 11133131, 833 11111313 131113313133113 31 Μ131311311311113133-,
113113 1133 83 Μ313313 13 1131333 Β3Ι133; =

M. 11311331131131311, 1333311131.

133113313, 31133 33113 3313133311133 13313 1131331331311313313311131133-
133 33 13333 31333131133, 333133313333 333 31113133 33113313

ARTICLE 1.

133133133 parties 3331133133133 3311131331 M 3311111331, 3 33131 33 13
111133 331113331 33 13 11333313 1331331133133 primes 31133133 31 1331-
13313333311333131313133113 11333311311 33 1311311311311 333 333133, 311
33 133313111133 1113133 33 1331333 pendant 13313 13 33133 33 133113 133,
1331133. 1331131111331133 333311331313311133, 3331 3331131133 311 33313133
11333113 333133 1313 1133 333113133, 313331313, 11333113, 131133333333 311333
autres 11333113 333131333 333133331 33 1131311133 3313113 311 33313 13331-Ι
1313 3111131311331331

133113313333131111331133 33 1311333 precedent 1333 133 313313133 13-
3311331311331331331 33 13311331331331, 1331133 31131333 3313131133 33 113-
1111313313 3313 131131311331133313 1133 111313,33133113331;

31133 133113311333 31133133 3333131133 33 333 3’31131131133;

- 111133 133113311333 31133133 3333111333 3 13 1133331133;

3) 133 313131113333131131, 1313133 33 1311131133, 11331 13331313 333131113
333 11333113 33 13 Ι3111331133;

11)133 13331333 133311331 3313333313 33 1333313331;

3) 133 13331333 1333113111 33 13131313133 33 313111331;

11133 313313133 1331111331 33 13313 31111313 3’33 1331 331311331· 11 33131
113 131· 13111313 3.

AMMCLE 1.

133 Η33133 1311133 333111331311133 3331313313 3331331113 3313111113 3’-33
113131, 3333 13 3311311131133 permanente 33 13313133 3311333 331113133 33
1133, 133131111133331133 1311331133 33 33313, 31331 1133 133 331333 3333 133-
111131133 33313 3313111311333 liasses

1133113 13133 331333 33133131333313333313331313 3 333331 13313 13-

133113 333113 133131331331 3133333113 333 333133, 31 133 3111113133 33133113
1333113 33 133311313333 1311133 133 1311133 333 331333. 1-

 

