19113 .· 1 V. 1. cz. A 113133131113311. 61

Aa 11313133111 133113131131 helye, vagy soglalkozzisa 33313131133311-
saban korlAtozni.(¹’

2111. Η3 3 1133131333 egy 111311 133111 1331, 3 1131313111 3 333331-
113111 313333113131 As a 11331311 1113111] 31333313311311 1113311311, 133333131-
31333113 33333313111131331 3331111133 13131 33111311333133313111331
3331131 1333311311 13133312)

29. ἦ. A 3311111131 dij 31333311111133 az esetben is 11331311311, 13 3 11-
31313311335311113131 333111133131331 1313331313 3 1333331 3131133133·
1133 31111 1333131. vagy 33331 3331311131133131333133333 3313, 131111-
113 11311 1311331133311113113113311131 131133331113311133 3113113111.

13311111131111 haromnegyed 31333 113333113313113311, 133 3 1131313311 az
313313 3331331133311113 333331113111 331331313313 311311 113 31333313)

30. fi. A 11. ,1. 1-11 131331131331, 133 3 11., 18, As 19. §5- 33313113-
31331331 31331331 13351133311331 131331313331111

31. ᾖ. A 3111311331333131 az 3331331313 11131 3 111133 soglalt
11131313 31133133 3311111 11, 133333 3133333111111331 1113133151

——-— -ν- --————————————-——————-—-—-—--

[vv. 1. 31111311, §a 3 ᾖ. 333131311331 333133331131111131111311. ,1. A. 3.
«A ’3333131111 ,1. mint 11. ,1. 311133311331113313333111313133 3 3311111331 33331311133133, 3
1113131133 3311131313 3 11313133111 1133113113331131331 3333111133 313311 ugyanezen 1-113 3 11

1311331 3331311333331 31111133,7 1313333111;

«1111331133 tilos:

1. ι 3113111133 31333313 megfllapodAst 1113311331,ι 31313 3131131 3 1131313311 3311113133 3333111331,
υ1111301Ξ111Ξ11111111131111111111111εέ11111111111131]11111111111311181311111111111311131311133 1311133313 (1133.
nats. ez.

121311. 13111. 1-31 3 333331113ιό1 3311 3133331131ι 3313111133331111.

13 18111 ε11111111. 1,-33. 3 1113133113 1133311113 1133311133 1131333111 3331111311 3 111 1111331133
1333313131. 1 31333311ρρ3 3 1131311311 111 3113311133 33313 313311113 1111111133 113111131333111 1133-
leges 11311331 vagy 3 111331 31311 311133, 33311313 3111111313 33311311131331 111313331131311 33333
33 3 3113.

1131333131κί 3131 31331133 1313131111, 1333 3 113131333131 113311113131111331333311333131131
3311131, 1333 3111111 331 333331 1113133 3313313311. 33 313111333133311.

113 33311311 az ily 33313113313131113 333333 is 11133; [31331333113113111313 3333133113 1131
3333133313311313113311133 111. s 3 311131113133 313331313113 1111113333.

A 3311331, 31133113 31333 113131331131 1131133313 131133 3113111]Ι 1133331131331 113131311313113331
11333333 33331311333111 33313133 33331111.

11331113333133111133111113331353133331 31133 31 131331 3 131133 31131111 313333133113133, 113
33133131331111111311311131113113331113313311311331331113131131131311 mem 13 3133133 ily 31
1113311133 Ap vissza 3 333331113111. az 3111333311313111133133311311331311131131331. ( 11133. md.)

11111111311111111ΠΙὶΙηι As. §- 31113331133111331313311 1133. 19313. 113.
, ,3.31 . ,

*A 28. 111ὸ3331131ι113111 1313111333 3 331 313133, 311133313333313» 311331 333311131311131 (1133.

13133. ezolts.

1133113111.113333131313131111.,3.13111313311 313113, hogy 33 3131 13133113 3113331133
33331ἰ31133113331-11 13133113 3 1113313311 1113311313 3131311133 113331 1133113ιὸ13 31113-
311313 :

31 3311111131 1111 11133133333111333 313333113313111311. 13 3 1131313311 az 313313 3331331133 31111
3 333331113ῐὸ1 33133313 3113 311311 113 313333.» (1133. 13333, 1113113)

11111333 33 31131 3313331133 3 113131331113131313313113331311331331331 131133 1311133 133333. 3
311. §ban 111311311 mundani, 11333 az 3331131 3113313ιῦ 133311133311331 1131333331 nem birnak:
men Ιι333133311131311113131331 133311311333133 3 13131 333131 3131311133 1135331311, 3 1333335311-
131133113133311 3131311313 1131313311331 33331133 az 31111133 31313 a 131311 133131333111333111
1311113131313131131313133. (1113. 131.) ›- V. 1, 311131 311. §-

ὁ11133331131111. ξ. mint most 1313 311. ξ.. 3131131 3331333311133133133 3311 131131311311133133113,Γ
m 3311331ε

31 11. ,1. 1-111331331131331, 133 3 11.. 111, 13111. 51. 33313131331131 3113311331 33311133311331
1331331313331.» (1133. muzae. 113)

1511 31. g-ban 3 3311111133 31111113133311315333313111333331313131111.1113133 33133311311111 131 11.

1 3. ἓ. azan 131131311ερ31 1133131333 minden 1131313311331111111113333111 111331113113113111133
133313, 3 1311313 3333133 ily 31113331313331 3331331 1111113111, 111311 3111313113 ouen 1133133333

 

