56 11113111 1. 66. A 66666666666666.

33113113333313311311131133333113333 333311333 3333111313 131313331, 131331·-
1313311133313331 3333 3333331331 33311131331.

11133 1333333 666 3 3311311333331, 13131 33131313 31131133331113331 3131
333331, 3133 13333311 3 11133113313333 33333331,3331111331,1133111-3333313331,
3 113333331311313 3331111331 111133 13131 33113113 (1113133333331331131331 11133-
1313133333 3113331131 33 3 113333311111131 3131333131131111
,11,31,1111311131·111..1131131111·111111 66
3 3133331

66 6666y6²6666 33313313333 33333 3 331333311313131 13333333333 11333-
1311 313 ,1

1¹6. ξ 331331133 3331 33 131131, 3 11;

a) 666666666 66666606666;

6) 6606 66666'666666666, 1113133 11133333331133331 333113331 1331113133
13111, 3 1331313, 1113133 3 133133133 1311133333 111331311;

313333133333311331333 3333 33311 31311 3331 311, 311333 31131311 3333
331333 311311313331113113333 31333 131331331333, 3333313333333133-31313133
313113331311, 3 33133333333331 66666 31131311, 331333331881ε11111111,1.-.33
33333131333ἑ13313131333ὺ3111ἰί31ἷ) 11333ιὲ3 131311 666666666 33313311, 3311113313
me 133113 11311113133 13333 33111331·

3311131311333 3 ,33111113ξί 33333333331333131333333113331 3333 33333
11133 3133113131133331131311311333331.

113 333331313133311 311311333333333 31131133 313333 3331333 3331333331-
313133 13333333333 3311133333( 11)

1111 1·,), 1-3311111· 1311113131 66 11 3131331333 33113331131113331331111111111111 3311111113333111313·
3313331131111311131333313333,113311111133113113113331113313331133 31131 3 1313331333 3 1131333313331
33131331333·13113331313333133333311113ιρ1.133113331331331133311113311131311333133111133’3333
313311 1133113333 113311313133133 33111 s6g6s 3113131331, 111131 3 313111··11131133, 33 31133333 331331131331331
3111313111313331131311113131313113311133333113 131331131333113311113131111.111111 666.)
1. 6. 6 66. ,1, 1111 3331331111 11311131333111· 11133 66 1. 1, 33,
3113111311313131113111313113111311131113331113313331111131..11111.
··11131·331311·.),,1.,-133 33313313333 11133113, 1313111133 311131131111113111. 1, 1311311331333

33113 3133331133331, 3113333113331131131111111111311111111113331133333313.1111331311131111313311113·133311
6666» 11131 11, 1111 3.·-’1 311113133311331 311111111 1131113131333111111311111333131313111131333.”.1 ³ ,1111333131 31311133,
111131 111133111311331333111133113133 »111-3111131331-113131111311113111111133331133131333311
131333113311113131313111311-111131113111··’31111111.3-11·3 3111-131111131111131111111113313111331131131131111
1313131111 3 1111311 13133131 31331331 111111 1131311311 31333313 666 <a 3331111331- az 1133111111 1313 33111131 33311 113331
311333311Η11111311, 3311133331 11 1331131 «··31133313111133 1131311 11133333113113 33 11111 ,,·3111333111133133 3331-
131 3331113311 13 33 11 ‚666666666 11131 1311331· 11 11133· 3111111113 6666 113111 1111313111 111 111111 1133311131 113111 1313313131,
313133133311113111131113Ἡ3311111111131313331131111313133113131 11311113331-11333313313311 33333
333ἱ11313131333111131113111111111133111313313333333 33113111 666‘6'66 666666666666 1113113333 31333311113111,
...1311111111111,1,,3111111311·111111,1111113’.111111
3131113111·113331133111111111111111133311313113333133111133113131311 311111 311313
11133113 3331333333· 111311 1111111131 3 66666666666 1331313331 131131 111 111111. 13· ·331.

121 6 6¹ 11Ἰ3113311, 1113113 3 13333131 13131113 1333331113 113111 133313111111311 111 11111111133313111113111111 33
3313133311 1333113131, 3 666 1,1·,113ς13131111,3113··33311131 113131 311311· 3333 3133333131313331133 31311331 33
666166666· 666¹ ,313113133331331 6666666'66'6666666.666¹ ··3111 1111 6666 666 33 3 11311331111313131331 33-
13113111331111311133333113333133113311.- 111 111131111131,.313,1,13333333-
6666666 33313113331113 6 31331111 ,1,) ,3,11 1131331133,1111113111·11333113111111,111131 666.
11313311333113133113133311111311313133333 1111131333 3111113111. 1

13131111.- 31313113113111.3,’3313131·13 1111 ,1111111311 313333331131311311113311311ζ1113333333111
1131 1133131311 1133131113 3131 331111113113333313131331111313111333311113311313.,1111 ,1, ³ 33· 31331333·
11333331 66666666666 6. ’331311113ῑι33
6 666666666 33331 1133’ 666 3111131 313 11311111 11111131· 8. 1311111113 13111113311331111133333113311131311
1113133313.111131,1331111111331313,1131111311 3133131113311311 1133331111 1313331111111113313 3313
1113113 133311311311333331,

 

