19033113. 33. A 3331333110-1033133313 33όά3300130. 41

&ges 1311113131 13 3103133133ιί 131131311331 13311311, 3 0333331131 add 3101
3331331133. ¹

8. fl. 10331111 1101313331 1311313111 13 33 1890. 131 1111111. 1.-33.
10. 01331 3130 031331131033 [33303033331100313113331 0031313311οι

a) 03 333133 331333313 333133331313133301 3333 333133 1331133133 33311311
3330313311313001 0113030133 3 333031 1333313303 0333111, 3 311101, 0333
1 133113333303 03331331031311ς

b) 03 31333 3331333 33313 3 0031331113 01333333 33113133 133310
’3033331113 31330311313313333 3333113130 01, 3313 330131331331013111.

1013313133 3333330131331 31331131 3103311111 1101313 1133311113330
33133333333131331 3113 jaro 0333331131 3110 3333110. ·

113133 1031333 3333 33 33331 3133031033 13131 1131311 3331313131
33310 3333333031 33131 3330113311333330331,3 3333033313131330331310-
333110 1313003313 1331331133 33311311, 3 3133033133333113133111131 10 11-101
100011-1313313310310 313300313113331 0031313310112)

9. fl. 1 jelen 1033133 3 3., ’1. 03 8. 1-3131 1113101333 3 1101313113 333113,
3333031033 331113 3 33313333 3313311331 103303303313113331033 033331133-
033 1901. 131 3331333133 5-03 1101011 3333330333331 33311310133113113103
13 313330311130331 33 1. 1-33 333311330133 3 3033033331313133 13 3 1333313-
1313330331 3313131333 10001 333131133033133 333311330133 331113 3 3133-
133331313113 0133111 333313)

(m 7. §·ban 13331311 33303113313313 333133133333311311 133331 0133133 310333300331. 33 11131.
1333 311033133313310013303331 33 31333 3331333303 33313 1113131 1313331333313133 3333 1333333·
1131 3331113131 nem 113330 3310313331 3101111113133 0333310301 131.-1.0.11..11. 55.. 1111131331.
m. P. 11. 33 rond.. 33 13331 33113133 3 133111. 003-13333131333310.13313 1310333310 1333133110-
133133 31033331333133 1133331033. 111103. 0. Τ. 21101

121111. 10313 1033133333. 013 31331103313333 301330131301 1. 33 31100 (11. 11311111331113011
ο01116100. 100110 0011ρον1310811100380 10101011001003331.. a 3331333103 3333111330 1033113313 3330311331-
131 313330303311333. (R. Τ, 1131.3; 1111111113.Ξ.’113151.1111. 33 P. 11. 33311..33331333101”33313
rsgrohajtasi 3133111310331331330 33131113013311133 1313333, (0. Τ. 111110 1333131133 330313 v. ὃ. 1111
33. 31. 13. 10313303313131331013113333333 3. 1133133333333 d 030131333333311033 d. 1331303303·
minag} 1ἱ111111. ῑο11. 33. 1111113ΙὲΙ 1331001 1ἐέ131133.1ἔ11. 13, 3ἓὶ1330331 die, 03133133ὶ33111ἇ3133ξῖ1333111ὢ3
’ᾗ311310011ὲο0001101100000 1133 1113Ι’10010033101003100311030οΖι031330001000κ 0000101000 1333113303333

(1811000010013001011013 nov. 21111111 01131033 3 3133033331313133 3 1033111330 10331331333313131
331333011303. 33313331·3330311330εέ1101103033 mar 113103113131·,3 311101. 0333 3 1333313131
133333133311113 3313 11333303 33133 ;

’103303333333131 α 33313333 3333113311 1033303331· 31333133 133103333303331331 33311133101331301
13 11331133111300133001 1903. dri ΙΙ. condumum 0003300331301.

81. §- 1 33313333 3333113313 1033133311 3133313 133113330133313311 3301330131301 ks 11330330131301
13010 19113131 11. 1033133331115. 0311, ,1-31 33013311031331 3 3 10331133011333 13333133013311

5. 5. 11. 13 111111. 131 3313331113 0011-13 1311 0331311331 33311333333313133 (111113. 131 l. 1033133·
331111 3031331001 1310301033131111 3 3133113331013133, 113333 3333 333133 3113, 3 33313 3 31333333 1133333
3331331001 33 1111131131 3111313 (18110, 031 11111. 0331333301) 33311311 3 0133031331 1313133033 1133313311
113113313310313 333313310313 1133313 13 113333333313103 31331110131111, 33 33310311 3333333133 1331-
13ὑ333ἒ3ῗ13ξ,1331331311ῧ13ἱ1 10311331 3331033333, 3113133311Ι 11ἒὲ313Κ 101111 [133 113313 31113 [3333331131 333133
1 3 · ,33 g 3333 33 33333 33333 3133 . .

113 33 1113111 3333033 3331 33 3331103313 311113 33310310 03. 03 3 0133113031 1133133033 1113331330
11311331331033 13 3331331033 is, 33 03131133 3111313 33311311 3 1333333 133333 33331331 1330131133 13
13331313 113333333313103 3133311030 333133 3113, 10330ιᾶ3 3133113 3 [enti 11131313313333131310111311·
110133ῗο331. 1Κο3<331133110 11131311 3 11111110 11131 1133133 0 13, 33131003111113131313 3111010 13133131
313 313113130ιρ.

1311131011 3101 131033103101ε

1. 3 31333133331313133111313 33. 113. 33313111 31330333013333313333113103 3333103303311 33 3
33133333331313. 3 3331333 1131311313111313 33311311 1133313 13 113333333313103 33111110111;

 

