70 1903 .· V. t. 11.Κ11111111111111111 1101111011111111 mmm.

2 3. Ha 1111111111 1 111111 1111111111 1111111111111111111111111111111,1111
1111111111111, mint 1111011111 1111111 a 1111111111, 1111 1111110111111 111
111111111111111111; 11 pedig:

-—-—· >.--.....--—---....-..-—..—-...-.--—-——-—

11110111 1111111 1 11111101 1111 1111· 111111111111, 1011 1111ἷ11 1111101111 11111111111011111101111,
1111111111 1111111111 1111111111 [1111111111 1111111111 11 111 11111011 1111131111 11111111, 11111-
1 en 11111111 111111111111111 11111111 11111, 1111111 1101111 111111111111 11111111 1111111111 10111-
j , 1111 1111111111 11111 111111111111,1111111111111 is szoriflnatjak.

11111111111111 1111111101 111111 11111, 10111011οά11 11111, 111111 11 1111111 1111111111 11111111111111111-
1111111111 1111111111 11111111111111, 11 1111111 1111111111ςί 1111111111, a 11111110111111 11111111
111111111ὶ111111111111 111111 1111111111 11111111 111111111111111111 s 111 1 1111111111111 1111111111-
11111111.

Δ 1110111 1111111111 id 11 11111111111111111111 111111111111 1111111101 11111111 1111111111 111
1111 111111111111111011111 1111111111, 111111111111111111 1111111111.

&y 1111111 u 1111 1111111111 1 11111101, 1111111111 1 1111111111 1111111111 11111 11111111111111111-
111, 111111 1111111111 1111011111111111111 01111111, 11111 11101101 111111 11111111 111111111111
1111111111 1 1 1110111 111 111 1111111111 1111111111 1 1111111611 111111111111111, mint 010110111111111. 1
1111111-1111111011111 111111111111 1111101111 11111111, mig 11111111, 111111111111 1 1111111111 1 1111-
11011111,11111111111111111111 1 111111111111 1111 1111111111 1111111111, 1111111 11111111011111 11
1111111111111111111111111111111111, 11111111111111 11 1111111111 1111111111111 11111111 111111 111 es
111111111111111111111 11111111111, 111111111111111111111111111111 11011111 1111111 1111111111 111111-
mnu 1 111111111111 111111 ’111111 van 1 11111110111111, 111111111111 1111111111 1111111111 111111111

. »111111111111111111 1111111111 111111111111.

1111111111 11111111 1111 1011111111 11111111111111111111111, 1 1111111111 11 111111 1111111111 1111111
’11111111 1111111111111111 111 1111, 1111111111 az 1881. 111 1111111-11. 11. ,11 s 11 11111 111 ’11 n
1111111111111111111111111 11091. 11. 1. 11101111011 1111311111111111 1111111111 1 111111 1111111
11111111, 1011 1101111 1 1111111 111111111011111, 1101 111111 111111101111, 1111111111 111111111111
111111111 1111111111111111111111 1ἰ; 11 1 . 111 11111111111111113811. 111111111111111111111111 111-
11111111111110111011111111111111 111111111111111111 1 11111110111, 11011 1 11111110111111 11111111 11
1111111011111111111111, 1 11111111 11 0111111111 1111 1111111111 1 1111111, 11111 1111111111 1111111111
1111101111111 111111111111 1111111111, 11111111111111111 111110111111111

V J 1111111111 (1111111 11 1111111 111111111111 1111111011111111 111 1111111111111111111111111111 111

· 111111 s itt is 1111’

01111101111,11111’111111111011111111111111111 11111110111111 nem 1111 1111111 011 11111 1111111111
11110101111 1111111111111111 meg, hogy 1101 11 1111111 1111111111κί 1111111111 ks 1 11111110111301
11101111 1110111111111.1111111111111 111111111111 111111 1111111111 11111111111111111111 1111111111 1
1111111111 1111111111111111111111111111111111, 11011111 111101110111,1111111111111 111111ςί 11111-
11101 111111111111111111 1 111111101111111111111111 11111ἳ 1111111111, 111 1 1111111111 11111 11111111
111111111111111111111111011111, akran 111111110111 is 11111111111, 1111111111111111111111
1111111 11111111111111 1111 1101111111 11 1111111111 1 1111110111111, (1111111111 1 111011111111111111-
111011 1111111111 1111111 111111 11 1111111111 11011111111111 1111111111111 1111.

111111 11111111111111111 11011111 sem 1111111111 1111111111, sem az 181111 111111. 1.·11. 111111111111
nem 1111111111 11 ί51111111 11111111 11111 111111, 11111111 11111 1 1111111111 11111111111111 1111111111-
11. 1111111111 1ἑέ166111,,6“116161116161111111,1111166111111111111188666666

1. 1 1111111111 1111111111 11111111111111 1111111011 11111111 1111111110111 1111111,111111111111111111111
11111111 11111111, 1101111 1111111111 11 11 1111111111 1111 11011011111110111111 11 - 11111111 11111
1111111 1111111111 1111111111- 111 116161 111111111111 1111 Ι ¹

1.11111111111111111111111. 1111111111111 11111111 111111111111111111111 11111, 1101111 -111111
111-1111111111111111 1111111111 1111111111 1111111111 11111- 1011101 1 11111 1111111111111 1111111111
1111111111111 elegenda 1111111111 nem birnak‚ 111111111- 1 1111111111111111111111111 -1111111111111
11 111111111111 1011 1111111111. 1111111111 111111111111111111111ι 11111111, 1101 1111111 1111111111 1111111
11111111 s 11111 1111111111 11111111111 11111111 111, 1111111 11111011111111111111111111111111111111
6111616161] 1111110101 11111 is lebuine 11111111, 1111111 11111111 1111111111 1111111111 1 1111111111
11111111 1111111111 1111 111111111110111111111 111111111111 11111111111111111. 111 11111111 1111111 '¹ 111111
1111111110111111111111111111111111, mett 1111111111111111111111111111111111111. 101111
111111111111111111111111111 111111 a 11111111 1111111 01111111 meg. hogy 1 1110111 111111 11 1111111111-
1111 111111111111111 1111111111 1111 1111111111111111 111111111111111 111111111111, 111111111111111
11111111 1111111111 11 111111101111111111111, 111111 1111011111 11111101 1 111111111111111 11111111111111
1111111111 11 11111111, 1111111 1 111111111111111 1101111-81111011-1111111110111111111111111111111 11111-
11111 111111111111111111 11111 1111111111. 1.·11. 111. 11 111111111111111111111111111111101111-
gokra is 1111111111 11111 11111111 1110111111.

11111111111111 1111111111 1111111111111011111111 1111101111 1111111111 1111111111111 1111111111-
111111111 10111, 111111111111111111111 11111111111 1111111111 11111 1111111101 11111111 1111111 1111111101-
1111 11111. 11 1111111111-11111111111 1111111111, 11111 1 11111101 1111111 1111111111 nem 101111 1111111311.
(1111111111111111 111 1 1111111111 11111111, 11011 1 1111111111 11111 11111111 1111111111, 1111111101111111
1111111 1111111111 11010111111111111 111.

 

