96 1903:1X. 1. 111 Ηο11111ό 11111111111111.

11. 111111111111111111 11111111 (az 11. 111111111111111 1111111111 111-
1111011)1011111111111111111 balad 1 11111111 11111111 (1111111101 B)

1111111111111111111 8111111111 Β) 1011) 1 11111111111111 11 51111111 (1111110111 11 11111111
1111111 10101111, 1 111 1 111111, 11111 11111111 1111111111, 111111111111111111111101111 1111111 111-
11101 011.

JEufil 11111111 1 1111110111 111111 10111 1 11111111 11111 1111 10111111, 1 111 1111111111 1 (111111
111111 11111 111 111 111111111111111 1111111 1111011111111111110111110111 111111111111111 111111
11101111111 1 111111111 11111111 1 Ρο1111Ι1111 11111111 1111 111111Ιὸ1111.

Α 11111111111111 111111 D) 111111111111111111111 10111111 1111111101 Ε) 1ο11)111111111111111
1111111 111111 1111111111111.

11. A 11. 111. 0111111 11111111 11111111611111 1111111111 111111 1111111111111 1111111 1111111
1111111111, 1011 111111101111111111 111111 1111111 1111111 11111111 11111 1111111111ῑὸ 111111 11 1111-
11111111 11111111 11111111, 11111111111111111, mint 01111, 1111111 1111111011 1111111111111111111111111
11111111111111111111111 1111111111 11111111111 11 11111111 1111111111, 11111 1111111111111111.

11111101.

,111 1. 1101 111111111110111111111, 1 111111 11111111 111 111111ἶοί 11111, 1 1111111 1μίαό 1111111111-

11111111111111 11111111 1111111111 11111111,11111111111 11111 m 11111111 10111111
11111, 1011111111110111111111 1111111111 111111 111101 1111011111111.

Eun 11111111 111111111ιί 11111111 1111111 1111111111 111111 11111111 1011111111111,111101111111·-
ἓξ11111111,101111111111011111111111111 1111111111 1 1111111111 11011110111111, 1 1111111111

10111111.

1111111111111 11111 a 11111111 1111111 1111111111 1111111101 1111111111. 0111111 11111111111111
1111110111 1111111111111 1111111111 1 Τ111111111111111111, 1 labie-gerinum 11, 1 111111111 11 1
Ρ111111111111111ο1 11111111111111,111111 11 1 1111111111 1111111111, s. e, d, 11111111 1111111111
a? ,0135111111ἑὺ 1111111ἐ11ιῄ11ἰ1111111111ἒ 11111111ὸ1111 neg· 111Ξ11ἑὸἰ11ὲ11ύ1ι1111111ὼ1111111111ἂοῖ111111δὲ1-
¹2) 1111111111111111 1 1111101Ξ1111111ιῖ1111111111111ἲιῧ1111311111ΙΙ ἐξ ι’ἓ11111111111111111ἷ1111 111111111111111811111111,ἶ

,,

81111111111 1111111111111111111111111111 1111111111 seme 111111111111118111111111111, 111111111111111
11111111111111111111111111111 11111 101101 1111 1111111111, 11111111,11111111111111110115-1·
11111111. 11111 11111111 1111111 1111111111111111111111101 111111101111111111, 11111· 11111 1111111011
11111111 111 111-111111111111 1111. 11111 1 111111 1111111111111111111111 1111111111111111 111111.

11 1111 1111111011 1111111111 1111110111111111111111 1111111111 1 1111111111 11111111 11111 1111111111
1011111111,11011111111111 111111 11111111111111111111111111. minden 111111011111111111011111111
111111111εὸ11 111111111 1111111111 11111111.

Α 1111111011 11111111 1111111011111, 1 11111111111101111111 1111111, 1111111111 11111111111 1111111
meg. 1111 11111 1111111 1 11111 1111111111 011 111111111111 1111111111 1111111111, 1111111111111111111
11011111 1111111 1111111111 11111111111111 1111111011111 meg.

111 11111111 1111111111 1111111 1111111111 111111 111 11111111 1111111111 111111101; 1111111011111 11111111-
111 1 11111 (11111) 11111111 11101111 11011111 6111111 1111 151111. 111 0111111111111 111111 11111·
111111 1111111111 11 11 1591 1111111111 111 1111 1111111 1111111111 01111111, 11111111 1 10111
111110111111111111 ,111111111 11111111111111111111 11119111 1191. 111 1111111111111 11101111 11111
1111113111·111111ἶέ11211111111111111111111111ῗῆ11ἰὲ1111111ιέ
1111111 111111111111111111 11 1111111111 1111110111.

111111111111111111111111111111111111111111011 11111111 1111111111 111111111111 1111111111
’“1111111111’111111111111111ῗῖὂὲ 1111111111111111111111111·
1111. 111111111111111111111 1111111111 1591 111111 1-1111111111111111111111111111111111111011111
11 11115 111111111 11111 111111 1111111111 1111111111111111111111 101111110111111111,111111 1110-
11111111111111111111111111111111111111111111111111. 11111 11111111 hely 11111 111111 111111-
1111 1111111111111111111 1111111111, 111101111111111 1 11111111 111111 1 1111111111 1111111111 ez 1111111
1111111111 1101010 111111111 811111 1111 1111111111.

0111111 11111111111111111111111, hog>- 11 11119-11111-11 1111111 1111111111 Mammas 1 111
11111 1111111111 1111011111 111111 1111111 1111111111κί 101101 1111010111.

1111111111 110111111 nem hagyhau') 1111111111 111111, 11111 11111110101111111101111 1111111111 111
1111111 11 [0111111111. 1 1111111, 11111 1111111 1111011111, 111111111111111,11111111,111111 111111
61111111011111011111111111111111111 11111111 1111111111 1111 61111111111,111011 11111 1111111111
11111111.

11111111 11111111 1111 11111111111 11 11 1111111 1111111111111 1111101111 111111111Ιὸ, hog)¹ a
1111. 1111111 11111111111111111 1111 1111111111 11111111 1111101 11111110111101 101111111111,1 11111111-
11111. 1111111111 1111111 11 111. 11111 1111111 111111 1111 1111111111111111101111111111111111-

1111111 (1111 hog)- 11111 11101111 11111111111111011111111111111111111111111 1111111111 11111 1111111-
111111 1 1.

11111 111111110-

 

