Ι 11 191111. 111. Α 111111111111111111 11111111111111111111.

1111111111, 1 1111111111 1111111 11111111111111111;
ἑνῐῇῖιιὲἐιὸὲῖἓέιύῑηε 111111111111111111, 1111111 1111111111 1 1111111111 kines-

--.-.-......--.ι--- .- ——-. ——...——.-,.„.-..

ban 1111111111 1111111111 1111ιό111 1111 1111 1111, 11111111111111111111111 11111111 1111111111
11111111111111111111 1111111 16111 1111111111 111111111 111111, de 1111111 1111 1111111 111111ιὸ 1111-
111111 innon, 1 111 11111111111111111,11111111 11 1111111 1111111 11111, 1111111111 11111111. ugindn-
111111111111 111111 11111 111111 1111111111111111 111111 11111111111111 111, [11111111 1111111611
1 1111111111 111111 11111 1111 1111111 11 1111111 11111111 1111111111 1111111111, (11111 11111111 pedis 1
111111111111111111111111111111111111ὶό11111111111111111111111111, ‘ns 1111111111 11111 nnn-osan
’10111111111111111111111111111111111111411111111111111111111111186111111 111111111111 11111111 11111111-
11ιὸ meg 1 1111111111 111111111111 1111111111. 111 1 1111111111 11111111111111111111111111111111,
11111 1 11111111111111111 111111 tennes 1111111111 1111111111 11111, 111111111111111111111111111
1111111111 111111111111111.111111 1111 1111111111 11111111 11111111 1111111111 1111 1111111 1111111111
1111111111111111111 11111111111111111 11111111 1111111111. 1111111 1111111111, 111111 1 john 1111
1111111111 nnn 111111111111111 111111 1 1111111111 111 11 111 1111111111, 11111 1111111 111Ιό11 1111-
11ξὲ 111ξὲ1111 1111111111 {nt 11111111111111111111111111111’1111131111111111
1111111111 11111111111111111111111 11111111 111111111111111111 1111111111 1111111111 11111, 111111
1 111111111111111111 1111111111 [1111111111 1111511ςέ11 1111 1111111111 is. (11111111111111111 ism&
1111 1111111111 1111, 1 1111111111 1 11111 1111111 911-11 1111111111111 11111, 1 1 11111. 1111111111, nem
111111111111111111111111111111111111 11111111111111111111 1 1111111111 11 11111111 1 111111111111
1111111 1111111111-1111111111 minden 11111111 1111111 111111 1111111111 1 11111111 1 fundannum}
1111111.

11111 1111111111 1 11111 1111111111 1 1111111111111111111111111111111111111111111111111111111111
1111111111 11111111 11111 111111 11111 1 11111111, 111111111111111111 11111 1111111111 1111111111 11111111
1111111111 1111111111, 1111111111 111111 1111111111,11111111111 111111111111 11111-11111111 111111
[θ11ι111111111Ιῖἑ111111111111ω11111181111111111ῗκ11 11111111111111111111111 111111111,1111111111’1111111
11111, 111111 111111111111111111 1111111111111111111. Α 111111111111111111111 1111111111;11 mim 1111
1111111 1111 111111111111111 1111111111-1111111111 18961911611901119111-11111111111 111111111,100.111111
Ιιξζὲιίιικὲιῖἰι 1111111111,Η111Ι(1111 1111111 11111111 1111111111-1111111111 11111111 11111111 11111 1511111111111111
,1 111 e.

111111111111111111111111 1111 11111111111111111 11111111 11111111111111 1 1111111 111111 11
11111111111111111. 11111 11 11111111 11111111 1 111111111111111111111111 111111 1111, 111111 a 1111·
11111111111111 111111111111 1111111111ιὸ 1111111111.111111111111111111111 11111-111111111111111111-
11111111111111111111111111111111111111 osii, 1111 1111111111· keneu-hasnon 1111111111 11111111
1 111111111111111111111111,111111111111111111 11111111111111111111, 111111 1111111111 11 1 Brit·
[11111111111111111111111111111111111.1111 gyfiznnk 1111111111111111111 11111111 volta 11111. 1111
11111111111111111111111111111111 1111111111111111 - minden 1111111111 111111 - 1111111111 11
1111111ἕέ 111ξὲ11 5512 1111111111 1111111111 11“11111’111111111“1 1111111111
1111111 1111111111 11111111, 11111-11111111111111, 111111111111111 1 1111111111 1111111111 11111111111111

11111111611111111111 1111111111111 bn 111111. 1 111111 111111Ιό 1111111111111111 1111 1111111.

1111111111111111111111111111111111111111111,111111111111111111 11111111 1111 111 11111111
1111111111111111111111111111111 11111111ιὸ1. de 11 1111111111 1111111111111111111111, 11 &pen
nem 1111111111 1111111 1111111111 111111111111111. 111111111111111 111111 1111111111 111111 1111-
111111111111111 111111111111111111111 11 1111111-111111111111, 11111 1111111111 1111111ιό 11 11111111
1111111111111 1111 1111111, 111111 1111111111 11 11111111111111111111 11111111111111111111111111 meg·
111111111111111111111111. 1111111111111111111111111111 1111 1 111111111111111111, 11111 1 11111-
111111111111111111 1111111111 1111111111 1111111111 111111111111 1111111111 111111 Nam-Britanni·
11111111111111111111111111111111111111111111111θῖ111“111111111111111111
111111111111111111111111111111111111111111111 111111 11 11111111 1111111111 11111111111111 1111111111
1111111111. 11111111 111111 11111111111, 111 1111111111 1111111111, 1 1111111111111 11111111111111111-
1111111111111. 11111 111111 11111111111111 11111111111111111111111111111111. 111111 e fngynsmsta
11111111 1 111111 11111111111111111 1111111111 1111111111. 1111111111 1 11111111 1111111111 1111111111
abeundi 1111111111 111111111111111111111111. 11111111 1 1111111111 1111111111 11 11111111 1111111111
11111111111111111111 11111 1111111111111111111111, 11111 1111111111 11111 1111111111 1 1111111111
111111111ὄ1,1111111111111111111111111111111111111111111111111111111111 mind 11111 1 1111111111111
11111111111111111111111111111111 111111 11111111111111111111111111 1111111.

1111εέ111111- 1 11111 1111111111111 1 11111111, - 111111 11 1111111111111 1111111111111 elfagu-
111111 1111111111 11 111111 1111111111 11111 11111111, 1111 1111111 1111111111111111, 111 111111111-
Ι1611111111111111111111,1111111 11 1111111111 111111111111 111111 111 11111, 1111 1111111111

1111111 111.

11111. 1111111 111111111111 1111111 1111111111111111111111111111 1 11111 11111111 11111111 1116

 

