111 [191111. 1. cz. A 1111111111111111111111111111111111.

6. 5. A jelen 1111111111 11111111111111111 1111111 11111· 1111111111, vagy
1111111111 1111111111 11111111111111111 111 111111111111 1111111111, az
1111111 111111111111111111111111111 11111111 11111111111111111, 111 11111111

ἱὶΙ111)1111111111111 11111 111111111111111111111111111 1111111111111111111111-

11111111 1111111111 11511111111111111)

7. fl. A pAnziigyminister 1111111111111111, hogy 1111 11111111 moly
11111111 11111111111111111111111111 11111111 1111 1111111 111111111111111·
1111111111 1111111111 11111111111111111111 1111111111 1111111111 11111·

11111111111111. —A 11111111111111. 5-1, 1 111111 1111111111 Any-loges 11111111111111111111111111111111,
11111111111111111111113. 11111 11111111 111111111111111111 1111111111 1111111111111 1111111 1111111111-
11111, 11111 11111111111111 1111111111 minden 11111111111111111111 111111 1111111111 11111111 11111111
111111 111111111111111111 111111 111111. E 1111 111111111111111111111111111111111111111111111111111111111
1111111111 11Ιὸ 11111111111111 1111111111 1111111111, 1 11111 1111111111 111 111111111111111111111111111111-
11111. 1. 1. 1111111111 1111111111 1111111 1111111111. 1111111111111111111 11111111111111111111111111111111
A 11111111 11111 1888111 1111111111 111111 111111111111111111111111Ιό 11111111 1111111111 1111115111.
111111. 1 111111111111111111 111111111111111111111111 1 1111111111 1111111111 111111111111111111111 11
11111511 11111111 11111111 1111151111111 1111111111 11111 1111111111 11111 1111111111 11111111111111,
111111 1111111111 111111 111111111111111111111111 111111111111111111111111111111111111. 1111111111 1 Aon-
111111111111111111111111111111111 1111, 11111 11111 1 1111111 1111111111 1111111111111111,11111,11111
111111 11111111 111111111111111 11111111111111111 s 1 111111111111111 minden 11111111 1111111111 11111111
11111111 11111 1 1111111111 11111Ιό 111111111111111 1 11111111111111111111111111111111111111111111-
11111111111, 111111 1111111111 1111111111 1 1111111 11111111 11111111111111111111, 11111 1 11111111 111-
11111 1111111111 111111111111 1111111111 1111111111 11111111. (1111111111ιί 11111111111111,111111111111111111
1111111111 1111111111 11 amis 11111111111111 1111 11111111111111 111111111111111111 111111111111
111111 111111 1111111111. 1111111111111111111111111111111 1111111 1111111111 11111 11 1111
1111111111111111111111111111111111111111111111111111,111111111111 11111 [111111 1111 1111111111·
11111111111111111 a 1111111111. 1 1111111111111111111 1 111111111111111111111111111111111111111111 111111-
11111111 111111111111111111.11 1111111111 111111 11 1111131111111-111 1111111111 1111111111. 11 111111
1111111-111111 11111111111111, 11111111111111-111 1111111111 1111111111 3131833 11111. 1111111111 11111-
111, 11 19111111111111 1111111111 1111111111 1111111 3,.113313 1111. [1111111111 1111111 11111 1111111·
1111111111111111 1111111 11111 11111111 511111 11111 111111111111111 1111111111) 111111311111111111161
111111111111111 11111111111111111. 11111 11111 11 111111 1111111-11111111 1111111111111 3116111101) 1111.
1111111111 1111111 11111, 1111111 11111111111111111111, Aug> 1111111111· 1111111111 1111111111 11111111
1111111111 1161111111 ’1311111111111111111111,11111111-111111111111111111. ily 1111111 1111 menn '-
11111111 1111111111111111111111 1111. 1111111111 111111. 11 111111111111111111 1111111111 1111111111 111111111-
111111111 1113111111 1111111111 11111-11111111 11111111 s 1 1111111111 1 1111111111111111111111111
11111111111 11111111111111111111111111111111111111111 1111111 11 11111111111111. 111 1111111111 1111111
1111111111 11111111 1111111111 11111. A 1111111 1111111111111111111 11111111111111111111111111111111111-111
1111111111 1111111111 1111111111 11111111111111181118181111111. T. 1. 1111111111111111111111111111·
111 As 111111 1111111111 1111111 11111111111111111 1111111111111115511851111 1111. 1111111111ςί 1111111111
31111311 1111. 1111111111. A 1111111111 1111111111 1111111111 111111111111111111111111111111 11111111-
1111131111111118 1111. 1111111111 11111111133111111 1111. 1111111111. 11111111-11111111111111111 1ο-
,111111111111-111111113 1111. 1111111111 1111111, 1 1111111111 Al 111111 1111111111 313 1111. 1311111111
1111111. 11111111111111 1111111111 1111111111 1111111111 1111111111 11 1111111111 1111111 1111111111
11119113 1111.1111111111111111111111111111,1111111111111.111.111111’1 1111111111111 1111111 1111111
111111111111111.ι1811·“23 11111. 1111111111 1111111. 1111111111 1111111111 11111111 1111111111111111 1111111-
111 1111111111 1111111111111 11 1111113111 1111111111 11111111111111111*111113183111111.111111111111111111
1133116115 1111. 11111111111111.1 1111111111111 11111111 1111111111 11111111111111 Attum mm.
1111111111 11111111111111111. 1111111111. 11111111»Ι 111111111111111111111111 11111111111111 11311 mm.
1111111111111111 1111111111111111111111111111 1111111111111111111 111113 mm. nyers·
1111111. 111111 11111111 1 1111111 11111111 11111111 1111111 11111111111111 3111115518 1111. [1111111111
1111111111 33111111 1111. 111111·111111; 1111111111 1111111111111 1111111111 1111111 11111111111115119111111111.
[1111111111 111111; 1111. 11111 1 1111111111 1111111111 111111111111111111111111111111111111111111111-
111111111111111 11111111111111 *1511138111 11111111111111 1111 ki. ,1 1111 1111111111 3111111111) mm.
’1011151181 1111101111Ιᾶ 1111511111 1-1 1111171111111 1111111 1111111111 υ21111111 1111. 11111111 1111 111·
11111111311311111111111. 11 11111111111111-111 111111111111111111, 1111811181111111 11 *1511138111 111-

111111111111111111111111111111111111111111111113.11111118,11111111111 1111111111 1111111111 1111111-
11111- e's 1111111111 1111111 1111131111] 1111, s 1111111 111111111111111 1111 1 11111111111111 orszfigainnk
1111111111, 1111111111, 1113111111 11111. [1111111111 1111111111 1111111111111.

1111 11111111111111111.,1-1 1 1111111111111111 1111111 1111111111 1111 1111111111 1111111ιί 11, 11111 1111111111
111111111111111111111111111111 1111111111 1111 11111111 11111111111111 11111111111111111111, 1 11111
1111111 1111111111 111111111111111111 111111111111111111, 11111.

 

