68 1.(103; IV. 1. 0111110011001100101.

01 151101010010 10001101010501011001 111-0 01011110 0101051011010101
11101 1110001101110000101 0101111011010501051, 11115101 10101 01 0 101 10001115
1011001010 0111110001 00 60010100115 1011001010 110011100101000011001010000(υ

46. fi. A ki 0 7., 13. 00 15. 101 0101101 0105111101 00500011, 01010105
1011105110 001101 11110001101 0111111101101, 111010105 00001 101101100ον01
1ο510110111; 1111510110101 01, 00 101 100ορ15 1011001010 0111110001 00
600 10100115 1011001010 11001111010100001 1001010000.

01 ily 00500011 001101 01111110 1111011010 00 010510101010101101 111101 11111-
0011 1010101,1110011000101,01001101110101 00 1010105101 -01011111010
111010100 101001511101 1010510100001100 01101100001.

47. g. 0 11 1111001011 510101010100 01111100000 010101, 1051 0 11 01010-
10111011051110110110011000 1051 101010011010 1111111100 111011111000111010
101011010001115 1011001010 0111110001 00 60010100115 1011001010 11001-
10010100001 111010100οὄ0)

18. 1111115101 101010100 0 10001115 1011001010 0111110001 00 600 10-
100115 1011001010 1100111010100001 1001010000 01, 0 11 110111511010101011
005000111101 0001 1110 1111011010001, 1051 10051010101010110011 0 11110001-
11010100011010 100010100101100 100001001011 0011001110 1011010οιἰο0

[1111. Ebbe 0 101100110 1111110 1111510105101100 -01000011100 01
0001 01010101110101110 1010110101101-0 1000011 1001010 1111011001οι 510-
10101111;

111001010οε

110- 00 005110100501100 0100101501110, 111010105 0101501110;

100001011 1001000 00 101100110100151 105501 [0110111011 1110001100 0
10000110111101, 1110101115 1011011000, 0101 0100011011111100 00010100 0100100
111010 1001100 0105111011 11011110010.

1110001010οε

110- 00 005110100501100, 00 100001011 1001000 1110001100 01 0110111ος
, 101100110100151 105501 1011011101111100011011 0100100.

11000110010101001011100100, 101001101 1111100100 1111001)οΙ010 10100501100
0100 10100 010101011 1010101015, 011000101οο 010101111011051 1011011000.

0011000101οο :

0 10105101010101.

111110 111010 1110510 00010100, 0 0100011100 010101011101 01110
1010110111 01, 01 1801. 011 1111111. 1.-01. 15. ,1. 11. 1100111001 010510101000
01 0011011110015, ——a 18. 1101111010 1111510 00010100 1100150110101-
10010101, 01101 001101110015 5101010110 0 111101001010)

1111115111. 0110001110110111000 10111100011101110101110 011011100111101011111011010105 011110501-
tetett:

11111101500011 0011111 01111110 111111101011 00115100110111101 11110011 10101011, 1111001000101,111001-
101110101 00 1010105101 01 1111111010 1111110110 11010015 111111 10105101001111 ns 011010111001.»

1111011111101011501501101111111011010110100 011011011001 011 1111111101, 11051 0 11001011000110
10000011011011111501110 111111110110011111011111110100001 11010, 110111. 1011111111. 0150111.)

12111 1111510 1110011111111 1. 11, 111. §- 01. 1111.

Α 1111010100. ξ. 0110101001011111. 1. 111111110110001110101100οὁ (11110. 111110. 0110111.)

13111 11111510 1100151101 111. 19. ἓ. 111. 1111.

0101111111 17. §- 10101 01001 10111111. ,0. 1011111110105 01000011001111ς

111111 101 111101 01 00 1 1110111115 1011001110 0111110001 00 1100 10100115 1111001010 001111010100011
1001011000 01, 0 11 11111511010101111 00511111111110101 11110 111Ιο11010001 105111111011010111011011
011111000111010 1000110111 11111110100111100 1111100100111100110 111110 1011010οι111 (10110. 111111. 011.)

111111 1011011118. §. mint most 0111 111. ξ, 101011010115 010115010000; (1010110111 1 09. §- 010
1050, 0111 010101 110 1011001100 1051111001 10110, 111011. 01101111

 

