7⁶2 1903 : V. 1. cz. Ktilfoldieknek Maqyarorsquon 1111111111111111.

1111101111 1 1111111111111111111;

1111111111 111111111111111111 111111111111011 11111111111111111111111 111-
111111ῑό11 1111111111.

Ηο1νὲῑ-8111νοι111111131111111ε

1111111111 kfizse'gekben a 1111111111;

1111111111 1 11111611111111111111.

1111111111 (1111) 1111111 1111111111 1 11111111111111 15 napou 1111111
1111111111111111 1 1611111111161111, 111111811111111111111111111 1 111111
11111111111 111111111161111 11111111 1111111111 1 111111111111116111111-
111111111 11111111111111.

maz. 11 ’1111111 1111111111, 1 hol 1 111111111ῑὲ11 1111111111 11 1111111111. 1111111111111111111111111
15 11111111111111111111111 1116111111 1111111111111. Ι , ι

11111111111111111111161511111311111111111111111111111111 1111111111 1111111111111. 11111111
'olen 11111111111111111111111111111ιέ11 11111111εό1 111111111111511111111 1111111111 meg. ,1111111111 1

11111116 11111611111111111111111111 1111111111 1111111 1 11111111111111 11111111 ,1111111111 1111111111 u
11εό 1111111111 1 1111111111 11111111111 1111; 111 Ka 1111111ιὶ, 1111111111 1111111111 111111 1111111 1111611οά111
1111111111 1111111111, mint 1111111 111111111111 1111111111 111111 111111111111111, 11111111111111, a· 1111111111
1111111111 1111111, 111111111111111111111111111 111111 111111, 1111111111111111111, ho 1111111111111111·
1111111111116111111111311111111111111111111. 11111111 1111111111111111111111111 1111111 11111111 1111111111,
11211111111111111111111ῗέ111ῗὲἮ1111111111111111’13311111’11111ῗ1111ἱ1111
111111 1111111111111 11111111111111. 1111111111 11111111 1111111 11111 1111111111 1111111111111111111
111111111111111111111111111111 111111111111111111111111111, 11111111111111111111, 1111111111111111111 111-
1111111111111111111111111111111111111111111111111111111111
1111111111111111111111111111111111111111111. . ι . μ „ ,

1111111111 1111111111, 1111111 1111111111111 111111111111 11111111 11111111111111 1111111111111111
11111111111111111111111111111111111111111111111111111111111 1111111111 1111111 11111111 1111111-
11111111111111111111611 1111111111111111111111111111.11111111 11111111 11 111111 1111111111111 1111111-
11111111111111,111111 11111111111111111111111111111111111111111111111111111 sums.. Ι w
1111111121 132⁸} ’111ἒῖ11111111111111111ῗᾶ ¹1:52⁰?ssss 11111111 1111111 11111.
1111111111111111111111111111 1111111111 is 1111111111 1 1116111111111111, 111111111111111111 111-
1111111 1111111111111. 11111 ξ. 111111111111 161111111111 s 1111111101 1111111111 11111111111111 imm
1.-1115. ,1-1111111111111111 111111 1111111111, 1111111111111111111111111111111 1111111111, 1111ὄ111111111
11111111111111111111111111111111111111 1111111111111111. . , Ι .. ι

11111 111111111111 1111111111 1111111111 111. 11 11111111, ho 1111111111 11111111111111111111 11111111-
1111111111111,11111 11111111 1111111111 1111 11111111 111111 11111111111111111111111 111111111111111111111
16111111 1111111151111 5111111111.

11111 1111111111111111111 1111111 111111111111. Ι ¹ f

1 1111111111 111111 1111111111 1111 1111111, 111111 1 1111111111111111 1 1111111111 1111111111 11111111 'augy
1111111111111111111111 1111111111. 111 111111 1111111ῑό11111111 11111. 111111 111111 1111 13111 10111111 ardes!
1111111111, 1111111 1111111111 111111111111111111111 11111111111111111 11111161 111111111111111111111 pem 11111.
111 1 11111111 11111 1111111 11111111, meg 1111 1111111111 111111111111111111111111111111111111111111111111111-
111111111111 111111111111111111, 111111 11 111 meg nem 1111111, 111111111111 111111 1111111111111111. Ι

111111111111111. 11111 1111111111111111111111111111111 11111111 111 1111111111111111111111111 111111ιὸ1111
11111111111111 11111111. S 1111111111111 1111111111 1111111111 1111 11111 1111111111 1111111111 111111-
111111, 111 1 111111111111111 1111111111, 1111111111 111111111111111111111111111111111111 1111111 1111-
111111111111 11111111111611111 1111111111 1111. 11111 1111111111, 1111111 1 11116111111111111111ἱ11111 1111111111.υ
111, 1’ἒὲὲ1ἰ111111”111ῗ“ 111111ἰί111111ι11111111111111113111111111111111111ἰὲ
agyjskgffitgimm u'yazsdqiiypje' 1111111111111111111 141. 11...]’1111111’11,1 «111111111111111111 1ν 11111111·
11111111 1111111111 1111111111 11111 11111111111111 111)Ιὸ 11111. 11.1111111111111111111111111111111111

Δ 111111111111111 1111111111111111111111111 11111Ιί 1111111111111 1111111111, 111111 1111111111 1111111111111111
11111111111111 1111111 nem 1111111111111111 1111111111111111. Ι

1111111111111111111111111111111111 11Ιὸ 1111111111111111 jo novumokkal 1111111111 111 1111111111
1111111111 11111111 11111111, 111111, 11 1111111111 11111. 1111111111 1111 11111111111116, 1111 11 1111111
sffluldsfig 11 1 11111111151111 11111111111111111111, mint 1 1111111111111111111111111 11111111 11111111
n u.

1211111εὲ111ῃί 111111111111111111111111 11111111111111111111 1 11111111111111 1111111111 1111111111ιί-
v 111 11.
aA 11111111 11811161 1111111111111 1 11ὃ1111111ὂ 111111111111111 11, 1111111 111111111111.

 

