16 19113 .· Ι V. t. cz. A 1133341371413731.

2. 5. A 1171313313 431134341143 3 1333413411 137114341331 1114331 13334
α) 4431, a kik 3 33413764117733333 4133316 11114131 vagy szolgillati 1144414-

134441. Ι14343 a 1113133131 11377341 1333441514134441711ἷ3414134131141333136413343 1341313141
344343 1313413443 14 4113314733 4433 3434443741 413374 3444444741, 43473 a 1113137113 1134414441143 41441-
341 3414- 14 44134741 11341 4343473 1414343143, 444 34 43134, 13334313113311343 131 14 431311 43741431

11 1313137113 34473311 43173133 114 17143144 4374Ιό41144 1344413134433414374443444743441111114433114,
1311341344344114 13431-1434711114 (as 4 341744141ἀὸ3 161144 1133341114. 1774 741444, hogy mssyen
1 47133143 4733114134 4 1171313711413731147414 13444 434374γί 1331 7134137314 11 1444444474 4 4341 napis
a 111111333114ῑ 441333, 1173471441 13 34311414434434144411414414431141 4443 7431411441741. 18911 4144 4
11·14143131371137443344134113374441344743343413441131 41443143114144 41 7444 344743 nudem, 414
4714, 4114147444 11144441 111331143 1143473314 343114144441344.

1133113434, 1433341143 3117113144 13341111 31341 4111134144 3331444431, 4731341 3 1141111411,
3344443444 317344, 3143443113]ᾱῂ 1314713431 13 314441113411444414447141 11343444134173 vagyunk 4444174,
. 3741711114411174141331141471117131371134173131111411741411.7414341744 4734 11144331 &s 41411 437144
44 44441434371141 E yesfin-Allamok 11431 114314 4414431773, 4341341173 a 1171341371131441311111441111344
4413331, 11441 az 3 4431 4 1114337441 444414741141 114344111441 3434411114344 3111171 1133444141477 7434441

⁰⁸³²⁰¹⁰⁸¹³¹‘³' Tenqemnmn 4443433333 4334-434 433443.

117333373143 Μ3333711733313ω111

ἰ37 europae? 1113461374 34 az 111443 1413431134143374344 azer-int az 43741374441144·
=-—·-——-——- ,-------< ·— 1133444114-11434444·
adasai 34474774 az

’7437744411141441117441414 andmelalsoldc' 1 4 1 &mmmmm

ἓν

· 7. ...3. 11 ⁴ 34433 de 1³ ’,4344444444

ἒ

Ἴὲη '3¹¹ A

441311131ψῶ 2 1
&es-'¹' ¹⁵¹³ 1ἓ Ξ·ω ῃ *¹¹ u πω
ἒοτὶἢξ τόφΙςῑ, π · =

4433433433 43344 33441433341 4333733333 .

1333433333 3343 44337 44434 44437 44734 43344 ’43447433343377 44. 437 43434
4334 4444 4743344433 3443 734 4344 3333Ι 4343433333 437 . .
4334 4343 4733744334· 3333 4333 3743 73374 744 33443 44 ⁸. 34437
4343 13337 4333333343 3473 433 373 3444 4373144334343334 34 43443
4334 4333 4334 3447 3444 43 4771 433 433 33441377 3444 3343
4333 ἱ3373 43373 47333 3373 443 3343 3437. 433 43333Ι 43347 3437 43334

,4333433433 , 473343337143743 3443 733 43344 3444Ι 3431 43333· 4337
4333 33341 44743444333 3443 434 34331 43331 4443444343477 3373 4333
4337 ’4334 3334143373 33431 473 7341 3371 37344433 7743 3333 43744
4333 73433 4473333333 3433 74 4734 43431 343444334143437 3733434444
4333 4333 43343. 33333 7433 33 43341 33331 73443334 - - -
4333 43334 34347144343 33371 - 3447413373 373 34737 - - -

,4343333433 ’3433 4333143333 3374 444 4333 3443· 333 34343 - - -ν

4334 ,44333 44347133433444341 - 4334414333 ⁴ susm¹ - -3 -
14334437 433733 3433343 43334. .- 4443 33 mag. - 1= 34444334 13444334 74344343.
1474343 14111113-143311, 8444414443 14 111111-143 6, 18112-1444 1, 18911143 1111, 18111-143 1111 (es 1898-1743
1113 4334334 1333441441 444413. - 1113444134.

11443414441131411114441333414441344471131 1143431114-11143431331 3 14413413713373 3334413ιὸ 4414441

434431, 1434113113 31334341714341, Erre 4 117111313374 7313 44113444441 1441344143 43134 44114, 4441 444
4311744431114134137117331,114111111113111431133144414311173443 3434341731 nem 3413111331. 4444744
4344714417οι14 3431344 3 4347337 7331411474·εεί 4 1141131174 4133ιὸ1 34433114 7347174 nem 7313134141141-
4344173431;1431374344117134137137313341344344143141443714,13 3434131331 3411144 a) 34143441)Ι
1141111414 4111434, 1444343 44 4117 341744131133, 3117 3331 [engeren 411714346ς 17) 1343 344 3414744417 1444-
33414141)13414113713444747143; - 3337 33134 44114 34134134 11314413413331 4411341441, 11 4431 17414-
44114, 4433113 vag( 447311 3434 14344334 144141 4411131, 1431317 1333441717 1414173 is 4443411 11; e) 13477
1431111114334443311413347411334373141443,13444441341431 73Ιὸ 4134313313 31341 1114311411
1414444341 117133; 4 111 441414 3341 11434333 7117141411) 1411117171141144 7473314, pl. 344413 418444 menne&
ki, 44434 43131341 1171341371411331441134143461.
Α 14744144 1. §dhan 4111431413 1313444 34474133 1114134144443411ε 114447133ῦή34 19344. 1144114.

 

