92 1903: Vm. 1. cz. Α 13113311111313111.

13) 3333 1311113331, 131 11113111-1113133311313 11111333, 33 1111311131 1133-
311313, 131111131131133331113131 kim-itam

3) 33 11113111 333111331 1111113133, 11133 1333313113, 31333111313313, 31111-
111113113131331131133 13113113113 1133311331 3331111131 3333333133 11131
3111131311111131331 3331111133 31311313313111331111 11131311 1111313113;

3) 3 3333313331333313111333131133 1311 113133111113 13 33 3113 11-
131311 1133331 1133331331)

¹3. §.A 13111113311131313113133 11313133 3 1311331133 13111 133333
1133133113 13 111333113, 1313311313 1311113311 1133111133 131113 3 111111111-
1131 11131 13333111131131331111 1133133113 13111333113131131 kim

4. 5. A 1311333111313 133331113133 33 3 1111133 11131 133313131113131-
1311 3 1311113113 1311333311131313 13131 1331111313 113313111ὃά131 113-
1313311 1313113 1333113)

1131 1311113311131331311133111 1331111331113131331111 111, 3 133-
11313313313111, 1311111131 1311113111 13 33111311113131131311313131 rende-v
1311133 1111131113 313314)

(1111333333 1311133111 1331111331113131331 1113 333331 1311133111

- ——-.——·.-—-—-.———--.--..----—.- ——.. ,ζωὴ-

1111131111 3113113331 3 1331111111, 3131111 3 131111331111313 1311111131 111113 1311331131. 1131311·
1133 13133111 3313113111, 1111313 [3111113311 3311131333 (31331131 3331113311331 3113113331313 1331333111
1333111131, 11131131 33 1113111 1131333133 13 131313331133 1111311133 3 131133311131311131 1133331111.
33111,133333111313331133131111131111 1311131331 1131111 1113111333131 1333311111133133113331·
1111331331 1111311133 31313 11113311, 1111311331 33 3331111 3311131313 13 3 3331331131 131331331 11131311
311111 1311311111 1111113133113133331133 1311 13331133 a 1111111313311131331111 3331133311.

(1111333111 3 1. ς-ἒὸωι 1331131 1113313113. 313133133111133111331113131133 13113131311111131333311-
3 313 3331 111 1111113 ul.

111333 3813331111113111 331 3331, 31311 3111 3 11311113111113113 11311311111131 3 3311131333 11111131-
]3331133. 3111 33 3331111 3331311313 13 1131113311131 1313311131 3113131111 33311113 3113133 3131; do·
3113 a 11111311131131331 3111331131 1331113 33331333111111 3331 1313111 3331 311311 1111131331. 31311 3331
3133311133313313 1111111 3111111 11131111 1113131111 1113331131 s 3 11111311131131331 3331311333331
1113113 3331, 1331 3331 33 111331113131331 11331111 11111111 1111111313 313 113 113311.

113133131113331111 3 1131111331111313 1111313333 1111311311131 1333131311133,111111333111133133313·-
13311131 3 1331 33 3331311311 3133131111, 3 11111113 3 13133131131333133 33 1133 ’31333133 133311131311,
11331 33 3111131311 1111133311113 3131111311133313131133311. 111111311113111-333 1133111113133, 1111311
1133331113, 1313113313313331 13 3 13131311ιρ11 313111331 31333133133111313111131311111131331 3331111,
3 1311111 131111 333131 a 11113133131 13333 3113111133111313 1333131113 13 3 1113313113 3331311131133
3111131333 1113331111 3113131 1331131133131113 11131131. ( 11111. 1311.)

12111 1131111331111313 1333131111 13 13311311311311111 131111, 1331 3111111131 1113 1111311133 kaz-

1311331113 1311131113111 3311111133311, mint 33 31133 3 1133 313ἱ111331113111. 113 331113311331113331

33331 33331 1131111133 1311133331.
13 3 1111111131 1313111111 11131133331111311131311 13111131, 33111113 11111313 3133111131 1313331331, 311311-
13313 33111133131111 1311311. 1331· 3331 13 3 113111133111313 1131131111131333333331. ( 11111. ind.)

13111 1311111133111 131111331111313 1111111 [33313133 1131313111 1131331131 11331 133131133113, ken.
133333111313 131113 3 31. 111. 3333111313. 1333· 3 13111 13311131311313131111111311 13133331313113.
133111331333111133131113 133 1111111111, 1331 31)· 1311111113311333,11313133131311 113111 1331111333 11111·
1333, 1333111113 1111133311 131. (Min. 1311.)

(lm 1311133111 1331111313. 13113131131 3311131131 1133333113. 33111 1111111111 az 313313 33131
1111111331 313-31111, 1133331 3111131 33333 1133111133 1333 3 3311313133 113331 131111113. 11111 3311311 3
1331131113113 1331111131 ,11331131 13111 1311113113133, 1313311111- 13113311313313131131311111-
1333111133331111 33311111 3131311331 11131 3 13131131111113333 113-13 111131311131 3333313333 -
131333313313113331-131311 1311331113 1311331311 ily 11311111311131331 33311311133131331 11311113
333133133311113 11131 33331 1131131113333313133111111311131 1311113111111133311111131111333113
13 1113133313131.

A 13 11333111113131· 1131113 311311 3 11311 31311 31113 131131313133113 11131, 1133)· 3 1311133111 13311111-
113311133313313313111. 3111111131 1111113111 13 3111131311 1311113333 11113311131133113, 3111113313313
1131313133131113311311311333 33111311 1311313113333111 333111113111, 31311 33313313131113331331331
1311111133 3 33311131 1111311331 33111 111131313113133 111131 13133131331111. 3111131 111333113131131311131
1111111111133133313 13311 131133 3111111133 111131331111311. 1131113311 1331111133113131 3113111111133
a 1113113311 1131331311 13113113111ῑ 1333331111. Orsus-im, 1131131133, 13311113 (3331133 1131133311),
§samm 11111113111113, 113111313313, 1131311311. 1311331133. 11]-1113113113 11331 1111111311) fes Zimonyban.
1 m. 111 )

1111311133 3111 1133311 is. 1331131 113111 1131311331113 1311331113,

 

