1. 111111111111

a 11111111 1111111111) 111111111111 1111111111 Β1111111111111 1902.
111 1111111111 ho 5111 11ὃ1ὃ11 ἲὲἑῐέξὲῗξὸιί 1111111111 heezlkkelye-

1511111111111 11111 19113. 111 1111111811. Α 1151161111 11111111 1111111111ιὲ3 1111111111 11111111
1111111111 8111111111111111111111111111111111 1111111 1111111111 [190311111111·11]. 11111111111111
11 1011111111 1111111111» 111113. 111 11111111 1-11 1111111 I. szImIban.)

A 11111111 1111111111 111111111111 1111111111 Βι·1111111111 1901. 111 ”
1111111111-1111111111111111111 1111111111 11 11111 1111-111111111111
1111111111 111113 1111111111 1111 1111111111.

.....---—....--.—.v ——.—.— ..I--.- -.-.— ..- -

* V. 11. 19113111 1.-11 11111311), 111111 11111 111311111111111111111111111111 1111111111.
1111111111111 11111 I . 111 XXIII. 1.-11. 11111111111111111 11111111 1111 1111111111111 1111
1881. 111 IV.‚ 1883. 111 V. 1118811111 XLVII. 11111111111111111 11111111111111111111111 11111-
111111111111111111111 111111111111111111111111, - 11111 11 1899. 11111111.1111111111111111111111-Ι
1111111111111111111111111111111111111111111111111111111111111-11 1111 1 111111)1 111111111111
(21131 11) 1111111111 - 1111 11111111 11111111 most is, 11111 11111111, 1 11111111 1111111111 11111-
1111111111 11111111 11111111 111111, 11 1111111111 111111111111111111111111111111 1111111111 11111 vulin
megsz'timeIIsIhez - 11111 1111111111111 1111111111 111111 11111 111111111111 11111111-111111111·
11111111]1111,1111 1111111 [1111111111 1111111111111111111, Imgy 1111111111, 1 1111111111 1111111111
1111ἷ1111ἔ11111111111 IIn [Im'ass 1111111111111 1 111111111111 1111 1111111111 11 1111111 11111111
1111111 11111 11 sse 1.

111111 mngeIfiIIImeolI 111 11 111111. a 11111111 11111111 1111111111111111 111111111111111111, 1111111
1111111111 11111111111 11111111 1111111111, 11 1111111 11 11111111 11111111)1 111111 1111111111, 1111 1 111·-
1111 111111111111111111111 Is 1111111111 1111111111 11111111111111111111 1111111111111 111111. 111 1111111111
111 111111111111111. 11111111, 1111111111111, Belgium, Spanyolorszfig, 11111111111111. Nngy-Bri-
111111,01111111111,111111111111111511111111111111111111111111111111111111111 11111 111111 1111111·
1111 1111111111, 1 1111111111111111 111111 11111111111111 1111111111, 1111111111 1111111.

Illy 111111 1111· 1 1111111111ῆὶ 1111111. 1 11111111 111111-1111111 1111111111) 1111111111111111111-
11ξὲ1 ξ11111111111111111“..11111111111111111111111311311111111111111
1111111 1111131111 11111111 11111111 1111111111111111111111111 1 1111111111 1111111111111111111111-
1111, 1111 1111111 nem 111111111111111111111 1 ’1111111111 11111111, mint 1111111111 1111111111)Ι
11111 1111 1111111111 1111111111111. 1111111 11111111, 1 1111111 111111 111111111ιὸ1 111111111111-
11111111111111111 11111111111111 11111, 11111 1111111111 11111111111111 11111 111111111111 1 1111111111111111
1111111111111111111.

111111111111111111 1111 111111111 111111111ιὸ 111111111 1111111111 11111111111111 1111111111 1111
11111 11111111111111 1111111 ’ 111111111111111111111111. 0111 11 1111111111 meg, 11111 1 1111111111 11
11111111 1111111111 - 1 11111 1 111 11111111111111111 1111111111111 11111111111111111 - 1 11111111111-
1111111 111111111111111[1111111111 11111111 1111111111. [Ie 111111111111111111111 11111 Is, 11111
111111111111111111111111111111111111111111111111111,1111111111 11111 1111111111, 11111111 111111111-
1111 1111, 1111111111111111111111111111ς 1111111)1 mIIyebbre 11111 1111111111 11111111 11111111111111
111111111111111111111111111111111,1ι1111 111111 1111111111 1111 11111111 ily 1111 1 1111111111 Is
{iffi jutalrbnak 1 111111111111111111. 1111111111 continens 1111111 1111111111 111111111111111111111
1 11111111.

[1111111111 11111 1111111111 1111111111111111111111 abban 1 1111111111111 1111 1111111111151
1131111111 1111111 1111111111 1111111 1 111111111111111111 1111111111, 11111111 [1111111111 11111 el 1111
110111,1111111111111111111 111111111111 11111111111111111111 11 1111111111 11111 11111111 11111 nem

111111.

111111 111111111111, hogy 1 111111111111111111111111111111111111111 ’11111111 11111 1111111111-
mk 111111111111111, 11111 11111111 11 1111111 1111111111111111111 1 111111111111111111111111111111

χὴ

 

