60 1903:1 V. 1. cz. Α 11361631111361.

6. 33331316116311111 3331111116 161313336131161 63 33 3331131133 1333-
3331 311331636161 33616 1336311336331111)

27.1.111’111311316 3 11111363116131 3333111311 16131331

1. 3333161161, 3331131 3331116161 631361163331 3 3331366631133 3131131611
111111333311333111133 131136133311 63 3311311 333113 1313311311611316
1611 33611113111;

11. 31311366, 3163336113, 113313 3116163161 63 3133611633163161 33 31633

3133 11363313631, 1133331 3 1116363116 3 3331366631133 1333 333113113113,
113113 3361336161 31113 31161 331313363313611;

3131111333 311331 6113113161111631133 1316 3631613363 333163 3113313-
163161 gondoskodni3

4.a 1136116331 3616163 63 311333163 33316133 333166161 113611 11313331.
3133 3 1111611311313131 11131161611311311 611333116113313331131 6131336311.

11331361311131631 61131 3 1113161133 1316133331166631133 16161 131336-
1311113161 ς

111111 313363 3 1116363116 636133111111316 1111161113 11161 1633631331
13111 331333111631 3331136, 613333 1333311631 166 31311 minden 16163 611
361161 13113333 3116131,3133611633131 3 1161311331 131131, 616313611133613
133631131631 1131113 13161111 3361111331.

1111331133 111113ῑ

1. 31113161113 116313 31133161131136631 1613311331. 31311 3331131311163-
63116 331 1111631131 1111316131, 313111 3116331133, 13111 16331133 1336311316311
11311613 61133633 3163 1113333;

——- ..- ,. --.—— -—-———..

11111111331311661311333131111311111111611131111361111613113616116111111113133 1161111633 111111, 3
’.1111 1111313,1111113111616611111336116133361 11 13 113111 33331 3131611633 1111311 3 1116361116
3311313663 13 31111133113361.
3331113113311136663 113331 31111 1131131113 3 13111 61611311, 113 33 3 131611131361 1311313161
1616 633113 161111311311113 16311111.

11136111113111611113111131333113 6111111111 33111133311111 6116 1116163116 11111 111613 3131116111. 13331333
1--11 1331131633 116111136111311111131631113 31111313 161613111131131. 133113113111133 1311311161 11313·
111331 311113 33313611631113 11311113 1311 1131311311111111, 3 11. ,1. mog 1111611 1313111113 131113131613133311-
16113111, 3131111 3 161131111161 3 111611611116131 3313111111 131113111, 63 3 11111131 3 111. 111. 133113 11131
13111311 3 331136663111 33111113 11116163 1113661, 3111131 3111116 163361 1316111311.

1113611111 1111 1613131111311311, 31311111 3 111113311111113, 3 1116361116 111333616331 63 1311331331
111311616336161111111 111111111111131133311. ( 11111. 11111)
ιιι11 16111 Ι1-1133 3 ι3331366111 1111113316 3361111363». 333131331161161 1. 111111111133631 3 1613113361
sinitaut:

11. 3 33611116 1611311336 1111111 (16111. 1631111131. 11113113.)

A *Jss-ik §-l›an 3 11131111161131111 3111136111 311113 161113313631 1113311611 1633111613 16 13111 116-
13113331311,111111333311311111116611133111 1116113311113331, 1111111 3 1611311316. 1113113 31113131133311 3
3311361163 13116161 331111113311611 3311 31311. - 33331 11133111131161 63 33 6111631161 13133163113331 116-
13133 131133. 1111111 111131111111131 3113111161163 31111611311113 136113113 31311366 1111133. 61, 3331 331111-
111131131, 11311 3 1611631111161611136 1133111311611 1 33136613 611113163311131311136113113333,13131113
36113331113133163161111313111111111111113-33111161111111131611111111311311311 - meg 3331 13131

1133311113613613 161163111316361111111 is 1311 11111331 63 11111113111111. 1111131 - 1111113 3 113161111-
11133133. 111616111113 3 11111361111631 11131113 1111116111 111113 3311361163111131111111111331111111613133, -
11111115 111161111111111111113113 1111361363 a 1313 31311 113333316111111 3311111111 1111111311.

1116113 1113111313 3 111. 1, 1613111336 3361131366 311111113ε

«Α 3331366113 11131131 11311111. 13131 1133661331 31311131 31111111 63 a 11111161111611311 3111113 31113
21 6161311133 6111133116 111, 3 1111111111 131113 3 11111111111633111311131111111, 3 1111131133 1611311336-
111111111113111111313111113111136111131311,--3113111111111-- 1111111131111131 - 11161311 1116111 16131133
1111311636. 1111161113111111131311133111133311366131111111611111 161116 8 11311 31311 3 161163113163111
113611331113116161131 113111113111111.

A 331136663131 161111136111 11111 1311311133313ῑ

1. 3 33611116161131111136 113111. 13 a 1116361116 11113313161. 13161, 1316131111.»

A ⁹2.. 1., 5. 63 6. 311131 3131331111 3331131 161111131131161 1331311131161.

113. 11111313136 331 33 116611. 11131313316111 333131 11636 1631 3361113 6311131313366. 11611.
1111133. iz.)

 

