131131Ι 1. 33. Α 33310333 3033113331 33333111313933333133. 11

1131 1131313 13 1133333111 1. 3331, 133131331331131331, 33 31333111 egye-
133 1331311;

1133133313311. 3331, 133531331333

3331133333 1 3331, 133313313313331.

O 1313153 8311- 13133313333313 1131133
· 8311333113 31331311

gros Wrangel urat, 3331113111 1133111 13 3331331333311 3131313311 O Fel-
3151311 3 131511 1131131311

1333313311 1113313 urat, gyfirost.

111113, 313113 11131311 3131133 131111 33513313331331131 3133313331
1131111133133, 3 1113311331 3311131133 33333131 meg:

1. 62111111)

A magas 33333111 13131 111313311 3333131, hogy 3 jelen 33333133 13-
1131311311311 33311111 13333 31113111 3 3331333333113331 vagy 1131131331
nyujtott 11333133 13113331311131313313113 hogy 33 egyezmeny 33133 133-
1333 31311113331313133133113 333 133331. E 1313333133 3333333111111
3 3133133331 egy 13113131 311 33331 3 3331331 1331313331 13331131, u? mim
333131331331, 3331311111, 113333311131, 3131131113] 13 minden 313 333311

13331311, 3 331313133111333 33133133 13331333 3331333133333 1333131311
α110111111 13133113 3331311331331 311 33331 31313331 33 3113111, 3 33-
1331 3311133 pe'nzfigyi 1133133133131111 1133313311 vagy 11333133 3133-
33111 11113113133311133133 11331331, 3333333333

Ᾰῂ- „- - -. 1 Α ,- ,, - ⁷ ,m-,m -.‚‚‚- ‚⁴

1111313131 33111133 11131311 33331313 1313113313 3333, 13333 3 333133 1333311311 13 113113111311-
3331111 3131331113 1313133131 31113111 s hogy ily 1313133131 33 3333331331331333 31311333 133311
1333331. 13131331331 1311311 33 3133333133 3131333131 33 3113331131, 3 331331 33 11133 1331131
113313)1113131111,333331113 1111131131 3333113133 1133313311 3333 11333133 11331331. 3113 33
3333331133 1133311133 1313333113 33 11)ι 13131331 1331331333111311, 33 3333331331 311131311 33331131 113·
31311131 13333311133331111 1111311, hogy 33 3 1313333113 333 3311311311 1133311331 oly 1313133133.
7133333333311333133311331133313313313113313131331331 333 33133 3131311311. 1113313113,Γ
-33 31111131 33333111133113311 1113311 1131313331 1333 3 13131313 3331133333 1131331 3 131311, 1333
33133313111331133133133133 333-333113331133 33 3133333133 33331311111311 13131331. 1311113333
’111331131131133333111113133311131 31111331. 3331 3 13311311131131111 &s legkimernfibbnek 111331
1313333115 sem 31333113331333331313113131133131, 3 31331113 13131331 333111 3113311133331, 3
131333113333311 pontJ'a 311 svm 3331331113. 13 3333333133 3333 3311133131 3333333111111 3 33313331
‹¹1- 13113131 311 33331 3 1133111333 33313333333313133113313133311311. 313113113111331131133, 333-
13111311. 11313131 3311131333, 1333111113133 33 ily 33111131 1311311333 3333γὶ313133 3111111111»
11311111133313 3 1111131 13131131133133 11331331. 1313 3331 131333313311, 13113 3333331 3311133331,
133 333133133331131133313 33311331 adon 3113311 1331331331 1311313331, 3 3131 3331131133
13111 113111311311331 333 3331331333 33 33 3111 3331333313113131133, hogy 33 3333333133 11131
311331 33131113113311 3333113331 13313311 33131313111131 3331133113ιὸ 33133333. 1111313311313333-
1133 [3131311133 3131 131331131ςῦ 3 1313111 s) 3331, 3 33313333313113131331331 131131313313 13131111
1333311113111133 33313113333333311333131311333131331111 33311 3113311 is. 1 3331333 31311
1311333333313333131111131313 33133111111113113133331333133 3113 313, 311 vagy 11331
3113313333 1311111113 3111111331 33133 3113 1133133311 311331 vagy 31133331 333133111311331131 33331-
133 113113311ς33333 1311111133313331333113113133111331. 113333133313333 333 11313 313 33
1113333131 3331113331311 333333 3111131333, 13333113333111331 1331311133 33 3333333133 333333 311-
· 13331133 13 3 «33313333 11131313 3331331311. Λ 33313331113331131133113311313113 3333131 3311131-
soma 1311333111 1313113 3 3333311131 3333333 1311113131331 3333331131 111313131311 1133131331131131311-
ben, 1113313331εό 113131 1313311311 3 1333131 13 1331131331 1131131331 333331113133311133313
13313. 11333 3 nugas 333133331111 33311 1113311 11313133 3 33313313333113 1133311331 33351133
333313311131131331111313333,331313111311333131313113 3331313133133. 313 3331 331 313333
«3 131333 3331333331, 1333 33 3133333133 3311331111 13 33 3111313311 3135331131 133331131111 is 1111-
male& 333 1311311311 33 33333313 333313111133131313333133 7313133313333111 31111133 333·-
,1113311311311 333 33333311 3331333111 33311. 3 doing 131313331131 1333313311131131133111113331113.

 

