118 1903:1. t. cz. Α 33313333Ῐ3333113313 3333311331 3333131333.

1133 lines (13 33313313 333331 13333 3333333331 333 ou plusieurs 3113333
(13 13 1313133333, 31 133 333333 33113333 sciunt (1333333 (1333 (133 (33333133
13331333( 3113331 133133 133 333331133 (1331331133 (13 33333113.

anutcttt 3.

133 Η33133 13311333331333133133333333331311131133 33 3111133 maximum
(13 6 133333 333 tuo 1133333333 333313 33333 3311133 31133 333333 3331-
milablcs au 331133, etde 13. 51111 3333 133 autres 333333, 1333313113, 3331-
3-(1133 133331 33133 13 13111 (133 (133113 33 13133 (1331 suutpassiblcs les
suctus 313333333 31 celui (133 (133113 33 13133 33133313 3331 soumis 133 333333
3311333311,

Cella disposition nc 1133 333 13 13311 (133 (133113 (1331333 (1333 133 pays
qui 33 3333313331 333 (13 33333; 3113 n‘est pas non plus applicabis aux
333333333113 (13 13 1313133333 31 (13 33113333 (13 33333.

(1111111111 1.

133 11311133 1331133 3331333133133 3333333313 1333331· (133 (133113333131, ι

it l’itnpuntation 33313331333113133, 133 333333 33131331333 (13 pays qut 33331-
(13331331 (133 3311333 a 13 3333331133 33 a 131333131133.

Cc (13311 33 333333 3133 131331333 33 31331331 (133 3313133, (11333133 33
1311333133, 333333333 (1333 13 pays d’uuiginc. 133 Η33133 1331133 33 33333-
1331 13 luculli, 31133333 33 33 qui 13 33333333, (13 3331111333 1113333131133
(133 333333 3313133.

133313131331133 (13 33331331 (133 3113313333 resultant 313313311331331, (13
13 33313113 333311133 33 1111333 f) (13 13311313 let, 13 31111133 fixa 333 13311313
3331 (13(1311 (13 13331331 (13 33113 33313133 13 3131113 (13 13 (1111333333 331
3333133 33333333133 13 331133. 13 Commission 3333333313 133111333 333
13311313 1 ayantb Ι13 (13311, lt 13 demands (133 11131 contractant, (13 3331333 13
c 11133 ainsi 313 1.

nuttctu tt.

133 1133133 11331133 3331333133133 3333333331 333133333331331 3 3111331133
131331( 13 31113 liduit (13 1333 13311 (111333313ιί33, 133 333333 33131331333
33111133 11313333133313313, 3311 (13 331133 (133 colonius 33 33333331333 (133-
(1113 Etats ui n‘accuudcnt pas (13 3311333 31 33133311333’3331133331133
obligations 13 13311313 8.

133 333333 (13 canuc 31 133 333333 (13 1331133313 33 331133331 3133 stuppis
(13 (133113 (1111333313.

(1111111111 o.

L’Espagnc, 1113113 31 13 533113 333331 (1133333333 (133 333333313313 1313331
1313131 (133 33113133 1, l 313, 333311333133133 qu’cllcs 3’31333133331333 (13
sucro.

Ces Etats s’cngagcnt a adaptet· 1333 13313131133 sun 13 3331133 (133 sueres
aux dispositionis (13 13 Conventiun. (1333 13 (13131 (1333 annio - ou plus
13131 13133 33 3331- a 333113 (13 3131333133 13 Commissiun 3333333313
uuna 33331313 quc la condition 13313333 31333333 3 33333 (13113133.

 

