1933111. t. cz. Α lcivcindorlasrol. Ι 11

1. 3113 11. 13 11. 5. 1331311331331131333133ὴ

1. 31113 1111131333 333, 1313311331 nem 31131333, 3333311131311331
331ᾱῗω331ἔ11313133ῗ133113ἒ1 3513ξ1133311313133 3351111133, 11311135 1131133113
ι 3 31333 . 3 ., ;

3. 3 11 3 11, 11. 13 11 55. 33313113113311 megszegi;

1. 3 113 11. 13 31. ,11133 3333331311 11131333113153131313533331, 31133
13, 13 33 11111113 11311311ς

5. 3 11 33 1331333113 13 3 3333311131 3313111 1331311313 1133311133 3
23. 13133113 111333113111311333313131331 333131313131113311, vagya 31. §-
31133111 1313131133 3133113 3 13113331313133 11131 1131311 313311133131
1333331.

1333831133, 133111131313 13113133 111311 31, 13 33 3 3111311311 131-
11331 11311311, vagy ha 3311311331 3 11311313331133 113331 3331113311
1113133131133313131 31331333133 131331133331 33311133111311331 13 113-
1313311.

1111131311133131 13 3333333113 11313113331 33113311 33 3 1311331311 13,
3 113 31. §ban megszabott 11131333151331 vagy 3 31. ,1. 13133111 13133-
1133 3133113 1131311 3133111331331 eleget nem 1333, 113113111 33 3113 3
131, 3113 3 111111113.

115. 133333131313133311, 3 11 3 1111311. ,1. 33313113113311. vagy

--n- - ,. ----.

1331111131 ι posnan 11111111 133313131, 11313131333131, 3131331113 333313131333131 13 1311393131

113 11113333 13 311313313333. ⁴
33313113313333333113111313313331 1131 11111111 131133111313131131 13 113131331131 ii 1111131

31331133 3311 31131313311333 1131311133 333 33111313ς 31331 mig 33 33331 1331313113 131131 331111133

Ιςί31111 1331313111 3311331133 1333 33331311113331 13 3351333131, 3 1111111 11113113311311331 31-
11 111111 111ῗὲ1 11111111111111111, 1111111111 11111111111111111
ha 3 1311311331 33113 postakuldemenyeket vagy 31133 333113, vagy 333133111313311133 3113 nyom-
ᾖ’.11311311118511133111ιεῖ3313 1331ὲ ι

3331311313 3333133 3 1313 131315, 3331135 3 3331131 131131511131131313813113111.

333311133311313131133 3 nyomtatvfinyok 3331 3 3311111313, 3113313
31133. 1113113133 3333133 33 ily 3311111 113131313331331113 3331311118 813ξί111 {ysffl 36131811ξὲ3 81111
3 13133313 31131133313133, 3 33313311313113 3111313 331181333331313133311 1333313 111 1313113 131-
33133 hogy 3 331133 13331 131313113331331 31131333331131,3331131 1311313311113113, 3318 13131111
311133133313113131331, 1313113113333331.

113 3133311133 3 1331313311131 33131113111311311133 - 3 1131131311113113113133--3331 31311·
13313113, 13 331, 1133333313 1131333331 3333113311 13 33 33 1113311 1311313133, 11331 113313133ς
31131ἇ1113311333133313313333311131133331331333 33111, mint 33 1113333131331 1311311133 meg
nefflnrneth S. 31131313311333, 3111133333 331331 vagy 33111 11113 3311 1331113131, 1333113313
kinigfist 11313131 3331311.

1113113113 1331111 3 11111111 13113131 3111313131 13 1151311311 1111311133 11331131 1113333111 3 133-
1311113313113113331113131113313331133 13 3331131133 31313 113111 1313131333, 13113 nem
13 133131333331 egyenes 33111131, Ι311513 ,-,1313111111111531111131111113-11810111111111111
111111113111113111111111111113ἒὲ1111111111,11111111111111’111
1111331133 3311.131331331311313111313 333131131133311, 31331331 Εἰὼῖῃ 331311131331 nem 1131 111131-
11111511101111111131ῗ111ξ11111111111111111113131[1111111111111111111
11331113 1131311313 31331, 33111 11113 131113313331. ·

13 111 m 1311331311 1311131331 333113 33311111313333333131111333113,33 3331 1313113311 11313-
1311313331333311133 33 3333 3331111111 3351331133 131311 131111 113153 31131 1311131531 13113-
11113313133111,33Ιγ113113153133111111ε11.1·33 11. [3133311133 3331331131 1113111133 33311·
1131331 megreleffien 333331111311133.

111311311 1133333111 33111 11113 3111331311 1111313111, mett 333133 31333 3 131131131 az 1891131
xxm. 1.-33. 11. 11331111. 3331131113311131333. (Min. ind&

Akihmsok 1133113133 11111133 11ιὸ3133111 v. 1. 311111 . 5.

Elvnlog 13111 3313113 31 333 13133333 3 3331131311311331 33 3

51

 

