193311. t. cz. Α 11313131113111.

lV. FEJEZET.
A 33333133 3333

35. 11. Ε13ὄ 3311133 3 1331113113 1333311131 33131113311353331313331
1111111131331331 1133133 133333133133 1313313113, 1331111 3 11113131131131-
3313 1111111113 1311 31131331113113, 1333111131 311111311311331111331333-
111131331 111331113113, 11111333 331131131311131 13 3331111131 3311313131311
3133113113 11113 3133 1113313311.

-.——-.—-, ffl———b-

1111 1131311111 1311331 3 113131311131 3133 1113311131111 1311313111.

A: 111331 13131313 11333313 33331, 113113131133311331313 1111111113 111331 11133331311311, 1111131-
1131113111133311311131113113131333311111111311111313131311 33 311113 1331313133 [ij vunzonyok
1131 13311 1331113131 3111333313331311. A 3331111133113111133313333 becses 1333 311113.

1111 33 3313133313 13 3331133131 131111, 11333 33 111313, meg 3 1111111113 13, 31311111 3 133131 31-
11331331331 1113333113, 1111313131113133133131311113113 3133333.

113 3 33111131, 1111131333 33133311 13 33313311ςί 1113131 13 3313333111, 13113 333313313315 1311-
11313113113111311 133313 133131133311,

811133, 1113131- 13 0133331331331 313113131133 13 1111311313 311111 31111131 111331 3111.

A 3311331 11111311311131 111113 31113131. 1333 3 311331 33333131 3 11113131131131 3333331111 1111313-
131-133111133311111, 111311313333111133113 133111. 1311111 31331131313133133331 1313131131 111313111353
11311311113113133 313111111311311113111311311113313133131131. 113113 3 1111313111 3 1611 13111131
’13 11133131 1111111133 331111 113 13 1331331311 1133133111331.

111113131113111 111111. 11133 31131311313131 1113131311 1111133 31111 11311111 11113313, mint 331
3113131133 31311113 : 33 33333133111331 13133311 3111111133 1311 33313 31133 3 11313131111111, 3131-
13131111111331133 1311 13131331113111 3113 13.

831111131113311113113113 1113131331 11111111 11311331111313333331311311333, 111 133111 33111313
133113 111113 11313331. 1133131ῑὸ 1133331 31131133311131. (11. 1. 3. 13133113.) 1113113131133 3 333311·
31331 31331113 13 3131311 11.

11111 3111333311 13331 133131113133111 1331311333 13 111111. 11113 31131311313311111133. 111. 31) 1

1133111131 3331133 3111133131133. 3 1331111113 33 31333 1111313113 111311 1113131. 3 11111331311113131
11111311111313 131311331331 13133333313113133311131, 1313131111 33313113131111 1113131313 11111131
hl, 3333131111 1311133311131331331131 11, 111 33 11131311111111 1113331133 1113313. 33 31333 1111313111
113133311τό1 313131313111113331 13 113131 3 113131311131 113133313331 13131]333111; 1331111 ¹³8! 33313
’3113113111 311313 consuli 1111313133131 3111131311) 113111311113311111. ,

13111333313111131311131 1133111131γό 133333. 11133 3 111, 13131 3 1111111113 1313131111 1111 1
513313όὶ3 3 33111111 11131 11331311 11131111, 3133113131311113 emb 1113131331111 111131311131 333

311311 .

Α33313111113131111111333311331113111331111111311111313133333 131131311311, 1133311 33111-
11131111.131133333331111111111333111113313311 33 33311131 1131131331 11131 3331113111 1113111131
1131311313331133133333131333313113 alkalmazoujn 1111113111. 113 1 3 33333111 3133131 331111-
ᾔζῖοέ11131ὴ1111113331133111113ἱ skassffifiadflrlfbllz ttffssmogatinsa 3311111111 113131 333111133 1131331111, 11313

3333 3333113333 133 3 3 .

1131113313 111113131Ιὸ1 331313 1113113311313 1313133333 1313333331311. 11333 3331 33 1311313113313
133131131113111133311311311111313331531313113 33331 113131 3313 1311131131.

3311131333 131111, 113513 11113131131131 1113131331 111113, 3 1111133311113333331331113313111111111,1111·
1331133 131131133311, 3 33 3111133 313111131311 3333111 13111311 133333133313333331.

1311111311 ,1333111113 31311 1113311131 33333311111,33113 az a)-d) 3331313131111135·
13111333111113131133131 313113.

1151113313 1113133331 3331133133313131133 1313111111 13313 1133131, 3 3 1131311113 sog ki-
131· m:
1131333333.3133333133111333313133
33311113331113113131113133133131311113111331
11131311311331 13113333111313113 3331311.

b) 1 133131131131 1111113133 313311131111113131111331 1113133111133, 3 1133113311 11111313 13111
11](1131131133. 111311311331133331133111333111133, 3 31111* is, mffg 13331111 3331131331, 3131113311-
131311131133313313113. 11331 331133 31131131313131131111111111 1333331 11133113133113, 1111311333 ’33
1333113313, 1331131 3 3311111 3 11311311131113131111331 13 333331 113353113133 11333311331. .

c) 1111131311311311331 11131133, ;

13331131 1313131133 1111313111 33 1333131133 jogviszonyok 1111 13113333 1111333113311 1111111,
3133133111131313313311311333313131331311111111133313111311133311111113133 og 131131 13111131
1111ἷῖ. Εἰϋεγεέ·131113131331133 megbhhau') 13313331111331311311131 3 311111, hugy 111311 111311131-
333 33 1333 1 313311. = ,.

 

