111 13131. t. 33. Α 3313113113 3333111333 331333113313333331333.

313 1111131 333133 33311311 1331311311 131313131;

1) 3 1311113133 1333313 33331311 1113131133 131311331;

3) 3 1311331333133313333 333313313333331, 3 1331331313 13113311 111333-
33133331 333 13333 31133;

d) 3 33313331131111131311131 313113 131113331311331;

3)3331313111331333331,3 31313313 1311113333 3113· 33 13111113333131113·
33111111 31311331;

s) 3331 33 31333111, 3 11131331 3 3. 33111133 333131313331 3131131 3133-
11313113333313113131311331. ῑ1,;;’1.,,

Qfflfflffl

,1 magas 3331331111 13131 1111313311 31333131, 11333 3 3331313331313133
133131113331113131131313131, 131313131 333131 3 131131313131, 31331331 133133·
33131131333131131 113131131, 3 3311311331 1333331 31133113 3333311 33 311311
131113331313 13311311 3 33313313131-133113331331 13111 313.

1133311131 3 3333313331333 1333331 131333131331131, 11333 minden 111313-
3113111133 legyen 3113, 11333 333131 33131111 111133 11133 31131311111313 33
133333, 33 3 3311311331 11133331 1331313 1333333333 3 133, 11333 3 3333313-
331 minden 1131313333113 3333131133331131.

A 3333331 1111113131 333 1333 11111) 3331313131133313331 13113131 1333331
1333133331 33 3 1333 333133333311311331 3131111311 1311313133 13331131 el·
11313333111131, 3 13313313 3133111331313 13313113331111111313333331 33311131.

3. (121KK.‹·-¹¹

A umgas 3331331111 13131 1311313311 31333131, 11333 3 11333111311133331133-
11111311313331311313131313311313 3311131 11133 1111) 1113313313331131 133131-

1111111333111131111133113333131133133331311331331131333113113113331111, 11333 3113131311, 11333
33 3333311133311311 13331113 3113331313 3 333131333131, 1313111131 3 1331311111331113 1311313131 33 t
1331133131 3331131 1133111111 1311313131, 31131 33113313113131, 3 33131331 1333331 31133113 3113333333 31111
31111331. 113 3 133113131113331111133 18118 313 be 13133 113313,311111113111311 1331313113-1311333113313331
3133333331 nem 1333331, 33 3113333331113 1113113133. 11333 3 1311111 31111331 3311131131313133331 1331311333
1311313131 3 1113311113133331331133313331 131131313133133 1333131331 1313331331 313. 1131113333 1311133
11133331331131131333133331133333313311131,11333 1133113 11333-1111133111311311 3 3331111131131 3111113
1131131311 3133331 1311331333131, 3 131 1333311331 1331 3 33311113313113 3131311133311131 1311311 31 31
33331 3113333133 133 1113131133 1331133313113 1333333131111131133331 13 31333313 131113 3331331333-
13313333 33331 en.

12111 1131313111 13111 3 3311311 313133311311331333331111 13131311311331133 3133113311111311, 13 aua!
13313113131313333 333131· 11133 3333333311111111133111311. 33113 3311131 11133 31313333111131 11331
1111 confimo-bon, s 1131331113, 11333 33 3 1331311333 1131131131133331313331313 33 1133311133 1311131131-
11131111, 113 33333313331133331113133331133333 11111333331111331 11. 3131111311. 11 313111111313131111 13111313
13111313, 11333 33 3 31111313 133 11331131 1313313113333133333111, 113 33 3331331331 1313131111 1311131133
111333113311311 31111313 1313311131 3113131133 111111 3313113311 3333331331 3 1111131111 31313 mem-&desem
,13 3333113333331, 1111113 1 3313113333111331331 33 3 1313131113333 1313113 13111333 henne 11131111311311133
111 1113331333 31131, 11333 31333311113331133 1333113111333113111131313 31133131 1131131111 13333331333331
11131331 az 111313 3113111 13313113131313331 111111 mog. Az 113111, 1133,1 333333131313311111113113311331111113
,133313 111331 3333333131333313331131131 1111111111 31311331 1113313133131111131131 3313 3133133333, 3113 .
11111111313333133131.113 3333331333 13111111 3331331131 3311313 1133333111», 13131 33 3 13111313, a
13313313 3133331133131 111111331113111. 113 131131 az 1311111111 3311311331 1131111133131331 31111311 1333331
13113313111113. 3133, 1111333313 13331113 1331133 3331313333, 11133 331113 3 3113111331 333331111331313311133
1333331113 3111131131 33331333 3 1111131113 3 11133331 11111331, 311311331 1311 1111311331 31131, 11333 33
.1 333131, 3 1113131311 3 13133131133113113113113131313 3311111, 331 31311131 1 11111311333311 13111 11331333
31311311, 3 3133331333131331,113331311133111331113333113133331113333. 113313 1333113333, 11333 ax
333331133311311331111111113 1113311111333111. -- 3 311 1111331113 3 31111313 [3331133131 1131331 13111-

 

