1903: VH. 1. cz. Harom uj csmddrkeralet witmaro& 85

vll, ΤὸΒνΕΝΥ-ΟΖΠΗ(
1111111111 ul 11111611111111111111111111611

(1111111111 nyert 1903. 111 1111111111 11-11, 11111111111111111 1011111111Τῦ111111111 19111111 1111111111
11-11 11111111 1. sarathan.)

1111111111111. 1.-11 11111111 1111111111 m. 111. 1111161113 111-
15111111111111111,1111111111611111 1. 5-111111 111511111111111111, 1111111
1111161111111111 11111111 11.

——- ..-- ..,. -—.- -..-. ——.———— — —-—.-. ’,κ-

k * ί1 11111111 11 1111161111111 111111111111111 11111 197. sz. 1111111111111111111.1111111111111111-
1ιό 11 11111 mazza:

111111.111116111111111111111 1 11111311 111111 1111111111111 1111111- 1 199 1111111111111-
11111- 1111111 8111 161111111111111 1 1 1111111111 11111111 1111111 111116111111111 1111111111 11116-
111111111 111111, 111 11111111, 1 111111 111111111111, 1 1111111111 11 11115 {irs 1161111111.

11111111111111111,1111111111111131111111111 1113 11111111 1111111111 111111 1 oly 1111111111111
11111111 1 11111111 1111111111, 11111111 a 1111111111ςί 111111111111 1 111 11111111111113111116
116111 1111 11111111 1111111111 11111 nem 11511111611611111, 1 1111111111 11111111 1111111111 116111·
1111111111111111ςὶ 11111111 11 11 11]Ι 1111111111 11111111111111 111111111111111 1111111111111116 1611-
111111 11111111 [1111111111111111111131111111111111 1111116111 1116 1111111111, 11111111) 1111111111-
111 1111111111161 1111111.

11111111 11111111,[1111111111111111111 11111111 1111111111 111111111111111111, hogy 1 1111111111131
11113111111111111111111111111111 1111 1111111111, 11 1 11111611111111111Γ 1111111111 11 11111 11101111
1611 11111111111111; 1111111 1111 11 1881. 111 111. 1.·1111111 11111111111111111111111 1111111111,1 1111111-
11111111111 1111111111 1111111111 nem 11111111 111111 11111111, 11111111111611111 11111111161111111-
1111 1111111111]111116111111111111 1111111εέ111, 1111111 1 11111111 1611 1111111111 1111111111116 111-
111111111 11 111116 1111111111 11111 1111111111. Ez 1111111 1111111 111111131111111111881111
111.1.-11111111111311111111111 11 1111) 111111111111111 111111 1 1 1111161111,1 1111111111 1118111111
1111111· 11 1-161-1111111111111161113 1111111111 1 11111111 1111111111 11111· - 1 1111111111 is

1111115111 16111, 1 11111 1111113 1111 11 - 111111 1111 11611 11111111 1111 - 11111 1611 11111111111

11111 111111 11111111 1611111111, 111111 11111611181111111111111111111 1 1111111111 1111111111Ᾰ1
1111111 vett 1111111111111111111 1111111111111, 1 1111116111111111111 11111131 1111111111111111111111111
:lflztffiyffiffl-issg -111 41δᾶ1ὲοὶ311 effikffi 1 1111 11 11111111 1111111116, mi 11111 11111111 1111111
11111111111111111 1111111131 1111 111Ἲς111111131 11111111111111 az 111111. 111 111 1,-11111111 111111111-

piton 11111111161111111, 1111111 11 11111 6111111111 11111111111111 1111111111ις 11111]Ι 1111111111-
111 1111111111 a 1111111111 [1111111101 111111 1111311 11111116111111111 11 1111111111.

,1 1111161111111111 1111111111 1111111111 111111 111111111111111111113111111161111111511-11111
1111111111111111 111111 ki — 1 1611111161

1111011111111111111111111111111111111611111, 1 11111111 1111111111 11 1111111311111 1131111 1161-
1111 11111111, 1 1111111111, 111111611111111 1111111111ςί jug 1111111111, 1 1111111111 1111111111 111-
1111111111 11111111111111111, 1 11311311131111111111 1111111111111611111111111111111, 1 1111111111 ’
11131111111111111111111111111 111 11111111 11111111, 1 11111111 111111111111111111111 11111111111
11111111, 11111111111111111111,11111111111111111111 11111111 11111111 11 1111111111, 1111111111111111,
111111111111111111111111111111 131111 1111111111111111111 111111311111111111111111 megffelelfi 111111
1111 1111111111, 111111111 1111111111 111111111111 111111111111 1111111 111311111111, 1 11111 111111111-
ket 1111111 1111111111111-1111 [1111111 1 (1111111111) 1. 1111111111111111111111 11111111111111111
8111111,151111111,138,11111111111111111-11111111 1111 11111111 1111111111111111111111-
1111111111111111, Ε111111111111111111111111111111 1111111111 1111111111 13111 1111111111 1111111111111-
11111111111111111111111111111. 111111 11111111 11111 11 111111. 111 111. 1.-1111111 1111111111111111111111
11111ἰ111111ίε, 1111111111111111 111111111111111 111111 1111111111111111 111611111116111111111111111 111111
111 seg 1111.

11 11611 11111111 1111111111 1611111111111 111111111111111111 1111111111 1111111111 1111111, hogy 1111111
a 11111111 1111111111, 1 11 1 1111111111 egyediil 11111 11, 1111 1111111111 111111ἳ1111131111111, 11
11111111 - affy 1111111111111111111111, 111111 11111111111111 111111 11 111111111111 11111111111111111-
1111111- 11111 1111131111 11111.

1111111111 11111111111111 1111111111, hogy 13111111111111 101111---111111 16111 1131111131 1111111111
1111111 1111 111111, 1 11111111 1111111111111, 1111116111111111 11111 1111111111-11111111111
111116111811111111111111111111111 111111 1111111111 1111111 11111111111111 - 111’1 binos 1111111111·
111111111111111111111111111; 11111 11111111 1111111111 111111111111111111111111111111 111111
1111ῐ1111111111131111111111 11111111 lohet.

T 1111111 1111 11111 111, hogy 1 11. 111, 11111611111111111111111111111111111111111111111

 

