1903.·1X. t. cz. A 11313311 11113ᾱί1 13311111νό1. 99

131113 13313111(3113131331111)33311, 1131113111 700 131133 1113131313) 3
1131331111 33131331 1313313311331311311311 3313311131111. A 1133313331

--,-. -ῥ, .-..—....—-—---—----— - -3 m. . -μ

11111131 3133113 3313311 113113, 1133331 333313 egy nyers, 1111131113 11111331311 333313331311 33133
31311111] 3 negyet 1131131111133 11113333 11131311. 113 3111113131133 nnn magttni 1111313313311133111.
1133313 331 mis 131311 33133113, 3331113313 33 nem 1111311331111113333133331333111311113, 13 3 13131
13133 1311113 113133111 33131133131311313131 Oli patakot 1331313133 1133133113, 3 3131133131 3 1311-

iiiitfflm'e 333131311133 13 3 33311311 333
3 t.

’1311313131 3 1111111331 3 1113133133 3111311333131 3311331131 1311 ente 31133333113133,313311
1111111131111111111111,111111,111111311111111311111111111111 .
3333 most 3 3133133 1131313133 31313 13111331 1113331311 birni 1111313133111131113133.

Ε1133133113κ t 1113331333311131133313133133311331 33131311) 11111111 113, mint 3 1311133311 3131
111 33311113131133 Μ) 1131111331 33 3113131 13 33 3 331133 1113131311 3333313113 133311 juvini 3311,
η 1311111111ιὲἧ1111ἒ111113 311131 111313 ’1311313 1313313311 11131 11111 3111331113 1113331155. 111
1311333133131 1113311313 1133133. 11333311311 3331113331, 3 13311 3 33111331 1131113311 133111131133311
1311311331 33 33 11133313133133331 1113113333 3331131313 3333131 1131133131 133313113313333331 - 33
11113. 13 tint. 111 biznttsighnn 1333111 1133331131 113311 - 1131113311. 3 13313131 311131113313 311
3111133 1331313111333. hogy 13131111 111 megegyezise 333113 3111111313113, 3113311133 1313131 3331111313
31133133 3 13133131 1113113 11333111 11. ,

1111113133 bizonyos 3113111133 13351111 1313111, hogy 3 3311331111 113313,11131113311113333133 iigyist-
313133311111331 1313113111 33 13 3311, hogy nagyarorsztgnak 3311131 3133333113336,311331111
1333133 1113113311 11313131 31133 1113133311, nnn 1311 1313333113 arra. hogy 33 33331533 11311333

1113131311133 1133313313133311133 1131133 nem 13

133311331135, 31, 11131331 11131331 3111133, 113131333133131133133, 1133331, 31133313133333113333333311)
111111 1333 1311 13133 3311113133.

1113 1111 1331131133 13 3333135133ηάέί mig, hog 3313 1133113131 1111113113 nent [3133131311 113; W
3 113311311ςί 1131131113 tot 131133 333113 ama nyttnioznoknak 1111111113313111313131133, 3111333113111311
13133, hogy 13111111 1113333133. hngy 113 13111133 3 1131331όί [13131113111311111 11131311313133.1
1133311113111311313113131111331311311113113131113331 3113311113 131133131311 33133, 3 31311 3 1133111113-
133 11 1313111 331333 1131111 1113311333 333131133131331311 13113131131 1311111331 33311133 3331311
31331113 restitutio in integrum ob 3131313 defensionem 3331 1311 13133 1131313. 13 11113. 1311111. 111
1113333151 ὅ111313131133131111 131131 1131313311 11313 31333313313331 3331113311311313313331311333331333133
33313331 e.

1113111111 333131, 3 33113131 3113111111 111 33111 11313131 1311311133 3 1111113 1131331, 311313 111131·-
111111111111111111111111111111111111113111111111’111111111111111ξ
11113133113113 1311 1333113113 131311 13131131 11, 1313131111 33 3333 11111111. 1113111135 3 111 331331
111113111111113311311111 3311313331 1131131131 31131131131131333313 3111331111-1311331111) 131333133131
3113133133 egyti vagy 3 311311 131313 131113, 131111 nent 1133311ιὸ 33311131 13 1131313133 111111 11311131-
331. 11333 egyense'g, 3 31311311131331133 1133331133 31131311 13133331 11311131113133 1858. 311133
111111, 3131311 3111333133 1113151111 1133133313313 1313131 31311311 331Ιὸ 131333133311113311,31333311-
bin 1131331133 111313331133. 3 331113333111111 1113111133, 3 11113131111331113311 31313133 1113111313 131133
1313331311. 13331133 3 3133131313133133133 1311111313, 1133133 311131113313311131111311133331511311·
33113 31133133133311, 31 3331311 13313131 31331311 nent 1313113131131 133331113131331131311313133313·
jntffik 131131311133 111111 3313333113 33, 31331333 113113 1131131133 3 11131131333133111133133331·

1 at
g 13 311311311311111 1113113311, hngy 313133 33311133, 3 33311311331313 1111 3131311111, 3 11113 133113133
niy nrsztgns 1131133331 1331331311 131, 3 13311 1113311 3331311113 11131 1131333333. 13131 3331 113113311-
1333333 is. ntindkit 111 11331111 11313 13333313313331, 313111 1111311111 13131 11131331 1313133111 mit»
33313313 1113113331 3331113311131311 13133.

113 3 jelen 3331133 33 33111331 3311133331 1331311313ἀὸ 1111131113 3133113, 3 13311 3113113 31331113311331
31131131, sont 131131 11131331. 11311311 3311133131 3331131311 111113111331311333111111311131113111,3
3111113 33, hngy 33 11131331 1313113 31131131 1311, nnn 11133311111311 13 3 31111113 3 1131331 31131131
3111131111 33131133111133131 sinn 11311311 sona 3331. 1133313 1111131113331 13111111 333131131133 13
111113111133331 1311 133313 11131131-1131131333,11333313111133113 1111333311.11111133133113. istit, 1115.
ndat 1111131, 111311 des Gens, 1111111. 131331, 1111 31113111 is 33 313311111313111, 1133133 11133 131311-
311311 111131113331 31313333 313133 ittig, 1331133333 fitting intytonnsan 1311311 13133 13113313, 3 3111113
31. 1113 31133 3 1113331311 1113131131 3331311113 13331113111113113 133311 313313111313 1113133111. 1131313333
13113131313133 3331133 13113311111131 13133, 31311 snit 31333, 11313313 31131331 3113111113313311113311311·
111 13331131 1113133311 3 1111111333 1331113133 1331313111 jngvkat. 33331133 33113 sent 33 311331113113313-
, 113113113 akran 1311333311 13333111131331 1133113113. 113 33311111 11311111 1311111313 31111 131133131311
3333. intgy ,engyelnrszig legaliitb 3 1133133313311-11131331311311 (11111) 3 53333113 ’[111113111313113
(11119) 1113111133 1113131133 131113 hngy 33 311ἱ 1133311 idn 13113313, itngy 33 3331311 111 1133333311
3111313111313333113331131111133311.1513131111 3133131131 33331313333131 313133 1111 1111111313.
3 13111113 3 1113331311 1131313331 1111313313 1311, 13113333 13111113133331111311 111.

71

 

