1903 : 1. 1. cz. A 33313333 3333113333 3333331333· 3913333333. 11

33311133, 133 3333 5 3311333331331 1313113 31311 13 1333313131 3 magas 3333-
3333 13131 351113 333 1333113 33133 3 belga 1333313131 33 133311 3333-
113131, hogy 33 331333331 33131131 megsziintesse: 335 egy 13331331 3333
3333311133 33333 33 1111333131) 33331-3333.

33 33311333, ha 3 33333333 3113331 3111113 1313333333 33 3113333311,
33 3 1313333133 3331 3 333 33333 hir halitlylyah 313331 3113331331 13531
333 3 1313333133 333331 3113333133 31-131333131 33 133311333331313131.
hogy 3 133311333 33 3333133333 113 1-3331331313331333313331133313 113 33
313331 3113331331333111131333113133, hogy 33331 3 1313331 31133; 3 belga
13333311113113 3331333131, hogy 3 133331) 31311 3331333113 111133 33333
1133331133333, 3 33113 133333 131331333331 13331 1331333331 sog.

11. (1211111311

A 13133 3311333331 1313333333131 1133133331 3 magas 3333333131313
133333331311 133133331333. 1133331333 33 11113331 3131313133. 1333131331

. .—-—--·›· , -—————-.—-—————————————-

133311113313113131311133313333313313133333331333333333133133331331 111331 13333133, 131111 ¹⁰8·
333133333131133 3333 3331133333 13333331 133 131131131311331311313. Es 133 33 133 313313133311311333
1111111111111111111113111113111111111111113111111111·11
133133313 53133131333331’33331133113333333311 31113 3313 3333311133 1133313331 1313311, 11113331-
33333113Ἰ 13331 333333133113333 3113133131331333131333 3313331133331. Α 31133 33313 1333313 33 «[33-
3331 333333 313 3331311313 131133331313133333113133. bogy 33 3131333331 31311313 13131111331313
13333133. 11313 333313 11311333 33313, 333 13131133 19111. 331 3313331333 133 1·3, 3331111113313
11111111111111111111 1όν ’11’11111131111111111113111
33333 13111111 31133 111333113333331133 311111301113331511113333133133113111 monarchia 131311331ΙΙ
11311111 111113111111111311131111111111111311111 3111111111

1313 3331131133, 333311 3113313333ιό 3313 33333 3313333311 ,(1. 333 11. 31
111111111131111111’11131111111111111111111131111111131111111
9333313133, [1313333133 33 3131313133 13 11133133. 113”313111111311331311333331131 1311311 az egyes 3113ἶ
11111111111113·«111111111111111111111113131111,1311111113113111
13111111 33113111331331 3 ,133313113131 Ι3333133131,γ 33 ango} 131333313333131 bs, Nam-Britanni· 3313.
110131313111111(1113331338113111111311311131131111111103113313113131 3133331313 33333 1131331311333 333311113133 33331.
31131113 1333331, 113131 3 1313333131 3331331331 33 3131333331 1331333 3311333333311 1333311133 331111
11111111111111111111 1111111111 1111 111 1111111311 1111111
3311133331 33331333. 13313 g 1113133133311ωΙ 131333313133311 3313313331 vm. 3311131133 133131133333133
11111111111111111111111111131111111111111111111111111111
11111113111111111111111111111111111113111111111111 1111

13 3131311313 1331331333 13133333 33, 1333133 3131333331 331 313113 Ι3311311 “nem 1313133331 33313

3333131333, 113313133313131131333311 1331333311 3331333 3133 1331331113 33331 3333133313 113.

Ι1311313133 13133,1 3331 33 ango} ssy'armqpokyjbnpcfk 1311313133. 3 3311313331331331333313133 3333313313.
1113113331 33331133 3 3333331313 33313333313331131313133 13 1313133333 33331331133331313313 ango!
3133331311131 33333113 113 333133 3313331331133. 13331 33 33331 13331313 3133331313 [113333133113131-
33311 3311133331 3313 31333313331 13113331 13333, 113 113 33 3313331133331 13, 33 3133 333333 3 3331331
1333313333313333331313313,3331331333331333331333 33313333 3333333131 1333313 3113331331
11111 11111111111111111111«1111111311 1111311111.1111111111
ἒὲ333311131331.ι 113 33313 §gy 33311333 3313313113133333, Ι133 13113111Ιί1 33133131 3111333313 1133333131 33
13313131 333 1333133331 113333 33 3111333333133 33 331333113313131331133 333333113331 3313313333-

13311131113333313313333,313333131331113131313313313 33 3111333331 3333133311ὴὸ1 1323333 33·

1113111331 13113133313133 13113333 1131113 31133313 33 3113333131, 133 3331 3131333 313 33311 3113331
33331333 3131313 113333 333 13331331. Nem 3313331311 33331333, hogy 33313 1331313131, ha 33 3111333331·
333 333 us 333113133331. 33331 1331333 31311 1313133333 333 3333331133313 33133133331333131, 3331

 

