1903: V. t. 33. 161161άί31331133131313313333 131131131161. 73

A 3161331616133131. 111.1113111133161363 13131331631 11131313 33313313
1111611131331 3336113363613 133311336 131313316331161, 111331 3111133633
331336113363111161 33631131115331133 13161 13 nem 13133131311, 3333 13161*
1161313116161; 31611611131331 163611 1611631 3116133136131333113361313-
13316331161 1311331313133163161 3363113316 3 3311 31311 3 3361331611133
13313361 61133111(υ

3. fi. 113 3 16116111 3 163363131613163 13131 33631613311,3313331316111
31316313361133361133636161 33131113316 16 331) 31311 13131331331, 33131131
3333161133333336361,13133131611333133136136361 63 33111363 333163 11131636361
63 31161331 31661316113333131,3 331 13 1131313131 13113311,1331 133361 63
3331611311 13116333 1331311331 161333.

(1113 13333113133 3311136333 3113113131 133333636133 11 napi 131333161
3 316.

13133111 13131331631 1311 1333113 3111116111 13163113 1333131 131333 =

«1331331331 331 311311 1633636131333161.(21

11111.6.6.,7.,11. .

113313 11116111 3131111133 61131113 16131313 3111 1313361113 3 1311131331 333113 3161113131 3 3
16131136 3331333133 333313131116131333633 13113311631131 311336113131133361, 3 ⁶2. ,1. 3113111311, 11331
13 13111131 113333111, 33 33 111 1133131611 1633331361 1331163611 11613 31311 131313313316.

1113- 63 133116336331133 3 131313116331 1116131613 63 3 13131133 1316313133 1316 1311111113113 3
1633631 (1611133136116313131161633 33611 111633133, 31311 33 11131311 133316131 11163133 13 3331
16 ’133311133161116336 133 33113131 1111113113 1111 163131136361361 13313 13131111 31131133-
33 , 13131 a 1633631 111111. 11331 11111 316133 1333 33 3 1313133163 1313313116. 33 - 13111131131 3

1111631636 13111 1616136313113 - 3111333113316 131313113163131 3133163131 133313333613331111133
m 1111111111111611111111131 3113361363613 31 Ι.Ι 1311 13111611 1316311133 11113113. 33 3 3331333 31331311,

1331 3 1613631 11611 361361 1311 1631316331 3331111331 31631331133 15 3311 31311, 13311331
311311613131311131 3313161111 1333 1313113116.’131131133133361; 131 31331 36111133 133 13331, 3 131131
3313161131313316361311 3331613316131133611331. (11111. ind.)

1 2. 1-3613 113311313 11113113, 13 1331 1311111311313131311131, 1313331131[1313133116-633361-
11133 1311113163 3 13113113 33331611633 13331636361316- 63 3131111131 13111333 331163133361. 331
3333 13 1131311311, 1313311313 113111133161363331 1111161633 131613163 313163131631331611111313-
1131 13116113 1333111336 3 311131111331613631-161 33616 1611631131331311. 1. b) 63 n) 11311131 31111
1611111113113111613,131611 131131611 63333111636331 1113111333 163311 a 161163113133131 3133131316
ὃ’11111116111111111111113ᾟΕ111111 33313 333131 3113 «1113311131 3 1331611331113111111, 1111611 331133 3
16131133613111311333113313331331ε . . 1 ¹ Ι Η Ι

Ι1111131331 16· 63 3361111133 1313 3131 3 1313133311 3133131 1111111 11133133161333 1313131331 1113-
13 11 1.

A 1. 16363 3113 3 1131313331εηί3 336 111331131131 3161311336 11611131 1333113 311
ben 113111131111136313163131 1311113161 3 1311133611 13116113111111331,13311113111311 13113113361111

1333331331,

1113131333ῑί m. 111. 111311133161363 13131331631111131313 33113 16116111313133163311613336133-
168131133113-11 1611131111 13161 6113311111, (116113. 16313331. 1133113.)

,6. ., ., ,11

A 313316116111 3331 11116133 3361313313161 1331 33133 1131313311 3113163633 163311 1336113111
111131, 13161 1313313333 33113113331 13313 1311311113311316313 - minden 1616363 31 3611111-
3313136111 63 13 331113331 311 13131111; 13 3333133 31133 33 3133131133 13333311 11313 13116113131,
111 1133133131 33131 1313113331, 11333133 1331333133 1316133136331 1111311331,336131111131313311116
13311 13333331111311316, 1133111 63131 33 33 33163, 3 11 1163111311 611311 6111, 131133 1133113, 311
1611333113163631 3 3 336113 316133613 111111 333163611311331313311311. (Min. 131.)

13. 5. 31133111 33111311 3 1. 1133 1611631 31613311313131613113131131333113331311 11. 1313
13316113 1113313331. ’

1131313333 1. 131133111331113133311 333131 mim: 1131311131611313113131131 113, 3 1613113361361-
1111 1333113 el: 163 33111363 3331611 31161131 3166136111116133111331181111ῑ 1111. 1,-3311111. ,1-1133 ·
1131311 3333 1311311336333 3131131, 31311 1313111163 333163 3 113313136131161 133316111 1113116 13116313-
11331 1316161113163116 31161331 113331111131 13131111311311 16131311. A 1133113131313 1311331 336111-
3133331,1331311116111 131131136131 3333161133636361 13133311 1613131133361, 111131 3 33111113
1611611133113111131311611113311113.1111113313331133 33 33133 3331311133 3 33113113 111331113113
11113131, 331, 331 33 31161331 3166131 13333133 311131 161313 31163 11331131331316313 13111131161
1111313113361613331. (16113. 16313333. 6133111.)

 

