1903 :1 V. 1. cz. A 113131133113161. 55

1131111113 11133131, 3 11 6131 3 1111311331131 1111311113 3111 3 1316311131,
31311113331113311133 131133 1311131 13 1313113311131 1111113311;

1) 13 3 331111113161 331331311316 11113 1111131133 3 11131133 113113131131
3 3 11131131 113131131331 13313131 3111311111)

9. 5. A ki 111 3313111113113113133111,1113133 1113313131, 1311 11113-
1131161 113133 33111113133111133 13 61311131 3163313333 11131111 1001100 K
'⁰ 2
ossizfffetssfesAzlebngedffly 333111333133 3131113133. 31331111333113 1311
Ι11131113111133, (1311113111331111 3311113311 pedig csak bizonyos 111116
e 333 333133 ao.

11. g. A 1111311336 11113133 3311111όί (111333111133111 3 11111111311113111331
1611131113 111311 1331313131.

A 1631131131 (11131311133133311 3311111131 dij 3313 3331131611)

12. g. 11133 3 3331333113, 33 3111111313 133 3311111131 111133 1333111336

111 A 11. ξ. 3111111311113 333131311111313111, 1331111 13111111 33 13131111131313111316, 13 1111111 3

1313111111ῢῖ11111οὲ111131316113 111113 3111111, 131113 1311331 11311113 131131 31313 13 1111331113 131133.

«A 8. §- 1361133111Ρ3113 1311 1311311111, 13111 113331 313331311133331131 13 3333 1311113113 31311
1111331311, 1113133611 3311111333ηά1 .

1113131 11113113361,111131111331, 31311113331131, 13 3 1313113333, 1113111. 3 3331111133 1313163311·

ge: 1311111311 1113331111 13131,133111311133331131311 11111111 33 113313113111 131131 11113113 »- 1331133
mo 1¹¹»)

ίι1111.,13111113311313311133333111333131311 13113111 111333311311 11331111 13 3313 113313111-

111113111-11 33111331 111113111313111333113 1111111316 13 3131131133» 111311113311 1111113316, 13113111 1313εᾷ

11111111111111111111111111111113111311111111111111133111131111ἶ ”

A 11. Ι11113 1133113111 1313311313 131133316331 13 3 t. 1113311 11111311331111311 1311131111 331313131-
11311 31131 11111 ministerum 111313311311, 1111131131 3111111 3313111133113111131, 131113311131113311-
1116331 13113113 13113111, 3111 1111111111 1111311311311 3331 11111 31 3311311111, ha 33 11131331 3111111
3311, 31111313111131111111 1111333113 13 minden 3113 33111311111131 1111131311 1113116131 1331133
33? 131113111ς1ὺ11133111 13113113131133331113 3111313131311 1111161311 13311131 133111111131313113131311

v. 1 333. Az.
(A23 nugy 3 1111311131 3 11311311311131313131 311131113113. 3 11111131111331 33113 3131311 11111 ,
3331111313. 13 a 1131131 1111111133 1311113 31113 1131111311 1113131311 1313113113 33311 1133331133
111330333111311311. ι1313111311 13333111 1131111 1111113111 1111313 11311.- 1. 11,21. 13131311

A'ss. Ι1-133 3 13113131111131111113331113111111011 1333113113 33311311 13133131 13313131131133 1111131
13111 3311111113 1111111111 13113113 1311131111 ki: 11113. 11331. 113. “

1311 111. ¹A-ban 13113111311131313 33111133 1111 113113111313311 131111 1113311. 3 311 1313131111-
1111331111,3131311313313111131311111.13111113131131113111331331131111 63 1331133111 1111111131 31311-
1331111, 3 1333111113 33 1313111113, 3 331111311331 111316 3133113113. 1311 1111113111 1113111. 3 11113-
13316131 11313133 1131131111 1131111133. 13111131 3331133 33 31113131131331331131 1311 13113133113111-
3311 113131. 131133 1331131133 13111311, 3 31 111 3131111331111111 1313313111Ιωί 133331111111331 111331-
113113 13131 11111331 133131113111.

A 111. 1, 31111111113113 31111 33 3311111111 13111311 13111111. 31311331 33 3113133311111111311131311
1131331133333113311113111,11311333311113, 113 1111 1111311331331 31131311 3111131111 1333313331
33 333111 11313113 133113111133111113131131, 3 311111113131111111113 111313 1111111 11131133131631113131113
111313133131313 11131311; 33 3331133 1111113, 113 33311111 1111311311 31313333111111111, 131131 11131-
13311, 11111 13 33 311133313311133 11111133311311 3111111311. ( 1113. 1311. j

A 11-11 1.. [313111113131133. 1113113131 (11113. 1111111331. 1133111.)

A 111. ,1-331333131311131331313313131 1316 1111311133 31311311-

a 11. ,1311311331311311111111311,1 131331311331 31111311111311,11131133111. 131111 33 311 1113331611
311311ἱ113111311111111 1113111333 1311111131 131111 131111111131133 33113131311313113113 (111111.
nats. 13.

91131111 11111111331113 1113113311 111313 3111111131 111111 13113133 [1131311113 11131 11 ne 3311·
131313113113333331. 3 1111311311 (1111111131 1316311131 311131113331111. A 11. ξ. 1311113111311311. 13313
(11133311113313 1311111311313131311 11111311-1111111111131113 1111111 13133131133311 13 3311111113, 111313
111611ιέ113111111111ῄῶ334343311 1111131 3311333331. - V. 11. 31111311. 5., 3 11. 1. 331333113131 111311-
11 1 3 .§. . .
A 1111118133 3 331 31111111311311 3313111111131131311. (11113, 1113111131, 1133113.)

 

