18 1903 :1. 111. Α 3111131311 3311311311 3331131111ιί eqyezme'ny.

11. (111111.Ι ¹·

5333131331111, 0133131315 &s Sve'dorszaig mindaddig 131 133331 31113133
31 1.. 2. e's 3. 31111131 1115111 113311 13313131ωέ31 3111, 3 mig 3313 1331
31313111313111.

11131 3111133131 1111313111 3131111131, 113111· 31111 31 11133111111111311113.
1331111311 31 11131111 1113113111 33111133113113. 1131)· 3 1331 11111111 13111131
1331311131. egy 11· 31311 -- vagy ha 131313113311111311111163131113 - 3
311111111313331111111111113111311511131 3 jelen 3113131131· 133131311331131
1331133113 11311111.

7. fflfflffl

A magas szerz6d6 13131 1113111133313311 abban. 113111Ι egy 11131111 11111111-
11131133131131. 3 31311331 13131313 1331. 131113 jelen egyezmfiny rende!-
1313331331 3131313115113 1311113133.

1113 1111311311 31 311131 31311111 11133131 1111111111311111 1311111331 tis egy
1113311 11313 1331 33113113 rendszeresitve. A hizottsiug maga 1111351113 31311
keu [113131133133 111111111113131 e's az 31311 11331311111131111 1311 1331311131.

A 11111111131 13131313 lesz:

3) 311331 3311113313. hog) 3 31311111 1113331133 33111 3)·11113111-1·
3333111113 11111311331351111131311 13131331 3 3111131131313111 13111· 1111131
,11331313ς

b) 33331 133111133111131311 311. 3111111311 331111311 11133131 311313131-
1311131-31311131133311 31 3131113113-111111311 13111311 1111113 13111131131;

3133331 111311113311133. 1311· 31 31111311111311 311 nem 1111113313111311

(m 11113111 311111 1113111 81311131311111331. (1131131311113111 Ι9111311113111313111131131 1..11, 13
111. 1111131331 1131311311331 311. 31111. 31111 3131 31 11113131 31311131 1111111113 11 3331 3111113311.
1111 11113111133131313111133133111131131311111131131311111111131131131,1313111 31311111 31331113-
3111131111 11 131131331113113311 3111131311311 33111 1111311131 31111131 13131311 11113131311313 3313111111-
113111311131 3111131111. addit. mlg 3131 11111 1131111111 133133113131111131131311331331311111111;1311313111
3131111113 1331111111 1313113113 3131113113131 131111113111311131 311311113131, 1311311111) 3111 11· 31311, 111
1311111311 1311111133 31111 131111. 113113 111311 13133111111331 biri> 31111311111131111 lest. e's 311 3 11113111
1111113131131113113131111111131111111131111133113113,1113131111111131 11113311 1113 113111 binim czukor
1111131111, 11131 1111311 13133 3313111313 1111111133, 11311)1 31311 313111311115311313113331. 111 31111111
3311313131 131111 1111111, 3 131 31311311111111111111111 1113131313 113111 3111111 [3111113311 1311131131 1311
13133, 131113111131131313111111311111311311 11 1111111111 1111113 1131εό 1311311113 1111111113 33131111. 11313111
31313113111113133111313133113131133111113111111111131 1131113331 31111 1113313133. 31311 111133111131
11 1111113, 11311· 113 31311131 3111133131311 1 311113113131111133 3113111111131311, az 11331 [og Jntalmak
3131111111311111111131331331331313331,13133131Ι 3131331 31 1113131331 3 3131313113 az 2ng-
11113 1111 3111111 3 313133131111. 113111· 31111111 33131113, 3 3111 11111311131113113 ,1131111331 - 31113131 a
11 33111111 113111 11113111113111131113111111311111111.

12111 1111111 11111 az 3111113131 111311311111331 3113311115113 1113111111 11133111 1111311111 3131131311·
1111311111111111111311113111. A 1111311113 113113131113 111113 1133131313. 113111 31 31 311313131133
113113111113111313111-3333131311111111111 111111111111111 &s 31 31311131 1311311 1111111311 1131111113
nem 111111133113111111 1111, 11 113111Δ 11 1111311111,1 3311311311 1111311111 111113 1311113113113. 3 133113 3111-
1111111333113111 11111311131111111311311113 11111113 1111 3113133313ιῆ 1113131 1)·1111131131313313313113
1313111333.1131111311313111111133111113131111 133 11133113. 11331 ,13111113 ie> 1131)·31313111
1111111 11111611 13131. 3 311 3131311111311131131111111131 3131313131. 3 1111131 31331311111111111111131111133
1111311111 11113111 3131111111 1111111311, ,11331311111111 11313111 311111· 1131111111111311111311 1111313111 1111111-
1113 1131113113111311 111331113311113131, 13 311111113111111 13111 1131111 juga 11111 a 11131111331 11133
11111111 111131111113111 1. 11311)ι 3 vl. 1111111311 1113111311 11131331 311313111131311-11 3 1311111 1333113111
&ulan 1111311113κί 113111 111111311313111311 11311333 1311 1111113111 1113131133 1111113313 1111113131
s mily nngyok 1131. 11131311 11111111 1111331 1313111113 13313 11113113111111111131311331 131111111111111111
11111113111113111111311131113111111113113311113111113111111111 1111311131 1311111 13313 1131131, 3111-
311111111111111 1111111131 [111111311111111111 1111311131 11131 3111113133 1131131331, 311311113111111111113133-
1111311311111 1313311131 1111311131111.

 

