74 1903: V. t. cz. 11313313131331133333333333333 131131333331.

4. 3. Ha a 11113131 3 3. 5133 [3333331311 13131333333331 3133311311,
31131 3311 3 1313333 113333131313111111, 13313313 13133331 1333331 113333-
1333 1333113113131313131 1313133. Υ

Α 113333131 11311113333313331331311133333, 1113133 3 331331 133333 8 nap
31311 3333113333(υ

311. Η3 3 13113131 131331 3333331313 3. §ban megszabott 133 3131113
1113111111ἓί1111111111111111111111111111111111
333 31311 331131133331. -A 1313333 333133 3 13331333331133133331 1331-
133311, vajjon 131331 3333331 3313133333333 3 3 1311313133 33331133 13113
3113133 111331333332)

6. 5. 13 33311333133 133131331 3133333113 1311313131, 1333113 3331, 3
11131 131313133113311333 11131 1333333111 3 13113131 3113331331 3 3333331
133333 33333331 1311113133 3331313 33 3333331311 33331 33333131 31. 33
3. ,13133 313131 1313133133 13131333113333 3131 11333331333313)

7. fi. Ugy 3 1., 31131331. 3133333 1311131313313331331 az 1113131331333-
3311113133131333331 31131133333331131 11133 3311133131133 3333133331υ

.-.-....-....-,..- —- -—---—-—.—...-.- -.—. -Φ

1313113333131331 3313331 13133 131311333331131 nem 1313331313 131 minden 3331133. 3 3333313
1. ,13 33333331 311113131331 13331 131313333ςέ3. 13333313 3313331113 1113313 313111133113131133
3 33331131 33331133333333331133 31133133133131311 13333113 3 3 333113333311333 1331331311 13133113
13333131 1133113333. 1131133333331 111331 3333133, 1333 13 33 3133311333333131133311313333 133-
3311331, 3311 1333333333 3311 1311133133 3333331.

11333 33313331311113131 133311 1333113333. 31311311. 1333 3 13133331 1333331 31131 11333133
3113333313ῑό 133333. 3 1. 3. 133331, 3 3 1313133133 13133311333331 3311 1133331311111113333111.

113 13331133 Ι1313331313313333313113133311111333 1333331133 13333, 333333331331333131
11333331. 1333 33 1313131333 3313 13131331131133331133313333 (Min. 133.)

A 1. ,1-311 3 3313111331 333333 313133 333133 3133 3 1133113313 3 1311311333 3311331 33331 1313 31 11-
3333131 1111111133331 33 33331311 133333, 1113133 3 333331 133133 3113313333».

133133131113333313 3333313 3313 13131 13133333. 13331311131333 3313331313113131331131131131
33333313333111.11333131 13131 13333313-3331333, 3331131 3 13131133331333 313331131333 333313331-
31131 a 1133113333333 131131333313 1313333333331313311333313 131333333331 131113.

1133333133 ,1. 33333311 3313133 3 1. 3-133 11313313133331113133313131131311313333 3331 «13333113.
1113 3333. (1333. 13313333. 1133113.)

ἒ V ,1-3311ᾅ13133 az 31331133 8 333 31311 1111133331 [3113 3333311331 3 1333. 13333. 113133333113

11133111·

13131313. 1333 3331 3 1111313131, 3 111 1333113133131331, 3133313113333131 nem 1333331, 333333
331313331331111 333331. 33 3333 1113113 3311333131 133111311313331331333131133331311133331
1333131331313331 pedi& 131333 3333333131 va? 13331133333131 az! 313313131111ς33331133ς3333111133
333333133313113113311333 13 3 11111311 az 31313 3331333 3333131 133333 1331331131 - 3113
33333313333. 3133 1313331333333131 3333 13331133313131- 313313331331. 1333133 3 131331 3313331
1331313133 13131313, 33331 1333133133313 3 1313333311313331133331.

A 1311313313331 13333113 11333311 1333333313333 3133 331133 az 111313 1111111131 113313313333313111
313331. 133331 3333133313111133131113133331, 31313311313131331 3331333113 1333113313131 13131, 133
31. 13 az 111313 3313313133333313333 133131133331, 1331113133133331 tiz 3 1113333133,3111333133313333
1311333311313133131, 3333113131, 3133131 3331, 3333 13333331 13313 1313333 3111313113 131311133311.
133333111331313133111331311.. [33133131 1133311333 1313333131 nem 13131, 3 113133113131113111
11331, 1333 33 33311 1131113133331 3331333133 3113 3 13113133333313133 3113131333 1133133113 3333113
13 3333313333 3 3 1111131311 3 51, 3331333133 [3333331311 1333133113 33 13333113 1313331133313 1111313333 3
3333333131ιά 33331 3 13113 133133 33133131313331133131311311133131 31311331 3331331133, (11131311)

113 5. ς. 111 3311133 3333 333331ι 31. 1311 13333313 33 3 111 331133 3333 3313 333333113113333-
3133 333333113333 3313 1311313113111133333331. 113133. 13313333. bizum.)

1311331311333113 1313131311 3333313113 33333111113131 33333331, 3313331313 1111111111 1133113331, 3
3131333331 131 133331 33 3 3133331 133333 3313331331 1331113133 33113131333313113111333331311
33111133133113333 31· 3333 1313333131 33331333, 333131 1333133113331 1313131 1313313333 33133,3
3. 5-133 1311 1133131 131111 1313333 13331311, 1 1113. 133.)

13. ξ. 313133 33111333 33133133 3131313331133333 1313311 13333311 131313133133131313333333
3313 [3333313313 1333. 13333, 1133111. 33333313.

17111. 3, 13. §- 1

113133113131 1333133311311 3311333133133 311111313131 3133333333 33331333131131 3133333131-

 

