38 1903 : 11. 1. cz. A 1101010111-11111111011 0111011111111.

[1. ff. 11 0111111-1111111 1111111111 11νὸ 11110111111111111 1111111101όὸ
11111 megfizetend6 11111111 10111111 1111111111 11111111 11 1901190111
1111111111 1111111111 11111 11111 1111111 1111110111111, a 1111111111 111111
1111111111 11111111 11111 11 0111111-1111111 1111111111111111111111011101111
vals> 111111 1111111111111101 1111111111 1011110101 01111111 11111111 111111-
1111111111 11111111 1111011000 10101111111111111111

5. ff. Oly 01111111110111111111111 11111111 0101101111 1111 01111111 11
0111111-11111111111111111111 belii! 1111111101001 0111111111 1111111111
a 1110111111 1111011110 1111111111 1111111101- ns 0111101111, 1111111111
1101111111 Herczegovinnban 1111110111 1001111011 111110110111111111110
910111111111 1901.1111111·01111 11ό 511 111ιὸ11 11111110131111111111
1111011 111111111111111111111111ηέ110 111111101111111; 1011101111111111111
1899.1111111111.1-01. 1. 111111 1. 1001111111 1111111Ιό11 0101011111 aza
mennyisege, a 11111 11 111Ιί1111 1111011 11111111 nindegyneben 111111111-

...- .-. —-...—-- .---. -..--— --— . ...

1111111111111111111111.1101110111 111111111111111111111 11 10111111 1111111111ιηί, 1111 mins 11111111
1111111111 111111111110 nnindig ’1111111101 01111111111101101111011111111 1111111111 1111111110
11111111111111111111111111111110. 1111111 1 101111 1111111111 11111111 11111 1 1111111111 11611111111111
1 11111ιὸ 1111111111 0111111111 101011111111111,111100111111 11111111 101111 1111111101 1 1111111111 11-
11111110111111011101111111111.1111111011 1111111 11111111 1011111111 1111111011 101111011 10111111 101111
1111111 1111111111 1111111111 111111111011 01110111 1111101111 10111111111111111111 11111011 1111, 111111
01110111111111110111111110111111. kinsi! 11111, 1011 11111-1111111111111 11111111011111111 111111-
1116 11111111 1011111111 (1111111011 11 1911111113.1’11111Ιὸ 1111011110 1111111111 111111, 1111101111111-
1110111191111111113. nn 1111111111 111111111111111 11111111 111111Ιί 1111011111 1111111101, mint 11
1Ιόιό 1111111111 111111101111. 1111111111 11111111111111111111111111111 1111161111 1111 1110111111111
1100110 111101111011111111111111111111111111111101 11111110111111101111111 11111. 11011 1111111111
1111111111 1111011111 1011111111. snt 1111011161111 11 10111 1 1111111101, 11011 11 1111111111 1111111111
110101111111111111 11111111) 01110 11110111111111 1111111110, mint legerfisnbb 111111111111. 1 111111
0101011111111. 111111, 1 1111 111111111111 111111 1111111111 1 10111111 1110111101111111111. ΕΙεό 1011110
1111111111111110101111111111111101111101110111110 leges 101111111111 10011 10101 magn 1111111
nni 0101 1111110111 01111 1 111011111111111111101· 111111111111111, de 1111111 1 111111111 is 1111111111 111111
1101111111 10011, 1101111111101111111111111111111 jutalmaknak 1111111111 1111111111 1113111011·
111111111111101101111111111110111101111111111101111011 1111111111. 1111011011110 11111, ment 1 111-
1111110 11101111 1111111111 1 10111) 1111111111 1111111 1011111111 1101111111111 11Ιὸ 1110111111 110101-
mennyise'gnek, 1 011111111101111οι1111111101111010111111111 1111101111 011111111Ιό 1111101110 111111-
11111111, igen 11111111 11111111111 11. 1111111101111111.

11111111111011111111111110101111,1101111011111 11011 11111011111111 11110 1101110101, 110111 1
1111111111ῑό 111111111111111111111111011 111111 11 111111111113-111 1111111111 11111111 1011111111 11111111
1111101111 11Ιὸ 11111 11111111111111111111111111,1 1111111101 11111111 111 1001111 11010111100111111111101111
1111111, mint 101111. 1911111 19111111 1111111111 1111111111 1 1111111111 11010111111111 1011111111 1111151111
111111, 1 11111111 10111010 1110111111111 1111Ιο11111111001100 111111111101110101011001111111111. 1. ὃ.
19111 ang. 1. 3311. 11. 11. sn 11011. 111111101111111110011111111111 1111 1111111111 11111101111111111 11111-
11101 11111111 1111101111111111101011 1101101011 101011111101110 11111 1110111111111119113.1111816.)
111111. 1101111 11 0111111-0111111 11111111111110 11 monim-ini 11111101111111111011111111Ιό11
11161111101111110111111111116 11010111111111 1011111111 1111111011 11111110 1111111111111 ’21 ninii> ko-
101111. 1111111 .. 1 nnn. 1111010111 1111111 - 11 11 111111, a 1111111111 1 ternensi 11161111
1111111111 11111111 111111111011 n's 11111111 ismnrt 1111111111 1111111111· 11111111 1111111111ιό1 101-
101111111 11111111111111111111110101111011111011, 1011111111 11 1111111111111 1101111111 101111111111111111
1111111111110101111111111111111 1111111111· 11111111. 1 1111111 111111111 11011111111111 11Ιὸ 1101101
minden [1111111111111110111 1101111101 10111111, 1111111 11111111111111-111 1111111111 1111111111.
111911111111111-111 111111111111111110 1101111111-101111111111111111111 1 111110011οη 11111111 11111111
monn-2³¹ 10110111111111 0111011191111111-111 1110. 01111110101, 11111 11011 1 18 1111111 1101001
11111111111111 11111011111111111111111111110 111111 0111111111111011111111111110111 1 K 911 111111
111 -1111111111011111110111101011111111111111111111111111113-111 1111111111 116111110111111111
1111111 1111111111 11111111111111, 111Ιὸ 111101111101111111111111111111111 111111111ιὸ meg: Α 1111111111
11111111111101111111111 11111111 11131131 1111. 1011111111 1111101111,“1113.11311 mm. nnersczukon
111111111111111111111 11111111101-11111110 111111111111110111 1011111111 1111111101 111111 angusztns
11 1-161 111113.111 1111111111 111 1111111, 1 0111111111 1111111110 1111111011 11010111111111 11011111,
1551313111,11111111101-11111110 111111111111111 1111111111111111119111-111 1110111111 11111111
111111111111111101111111,3111.”113 1111. 1011111111 111101 &s 1115111111 1011, 01111110101. 1111101
111111, 1101111 101111111ςί 110101 minden 111111111111111101011111111111111 111111101101 minden
111111111111111 11 1111 111111 1111111110111011 11111,11,11111.11113 K 11001 1111111111.

 

