14 1903 : 1. 1. cz. A czukorra 3311111311 3331311111 eqyezmn'ny.

13311113 1131111111

Bnkrn 13113331-113311 3131, 33131111 11111113131111313313113313311311-
131 11

nagyarorszng 11311111 :

Toepkn 3131. 333131 1111111 3131151313131311 1133111111

1111313153 3 11311111 1111113

51111383311131133131 3131. 31311311 13 1113331311γί 3111131311, 31-
3131313131111;

0333113 3131, 1331111111 11113131133331313133311313131311, 3 1313313-
delen] 13 3333133331 13113331311111 3 1111113131331133133

11311313 3131, 3 11331 13 33113331 111111331311111 3 31311311 13 1111-
munkaiigyi 313131311331133;

De 8331 3131, 1311113111131111 31 3513333 311111, 11331 13 33313331 ignz-
gatnsnnn! 3 31311111 13111333131511 3313131133133ς

1133311313 3131, 3 1131133111 13331111331131111, 5111331.
k 111 1313133 Spanyolorszng 1111113 13 31 133111333111111313131333-
113 133131

de 1113113113 3131, 1331111111 11113111 13 331131313313113131313111
O 1313111311 31131311 1111111311.

A 11333113 111111333153131113

6113111 3131, 1331111111 1111313113 3351131313313111313131311 ὁ 1313151311
3 1131311 1111111313

Bousquet nnat, volt 11133133113331, 311331 1133313113Ιί131111533311113

11313133· 3131., 11133133133331, 3 13111311333313331111 3131111133113111-
igaz 311113

0131113 3131, 11133133133331, 3 1111131311 311113111133133111113 31311151-
313131311331133,

0113131113 11331-111113331313 111133 1131331111 1111111311,1 13 3 1331313311Ιί
brit 11113131 1111113. [31131313111131

Phipps Constantine C. B. 3131, 1331111111 1111311113 33313131331311 31-
3131311111 1313111311 3 131511 1113111311

8111113333 Henry-t, K. G B.. C. S. l.;

8111131533Η3311-1. Κ. (1. Μ. G.;

Ρ3313331. Α. 3131;

01333311, C. 3131.

ὁ 11313113 013313131151111113

1133131131Ιί Romen 331333313313131, 1331111111Ιί 1113111 13 3311313133-
131131313111110 1313111311 3 1313111111111311;

1131313111131133333313313131,1131133111 31 31331 331133331133, gyzi-
nst.

O Felsnge 11313131111111111113113

1331133113 Peste! 3131, 1331111111 1111311113 331113131331311 3131313111
1113131313113 11311111 1111111313

31131311 1113, 11311 n 11313111131111311 13 1111111111 111331111ιὸ 13 31 11133111113111313 13 3 1311133111
1111131113 311311111331113111131 1311 13131331 1131311111 3133111313333 31131, 3 131131 erre 11
1113113111 1111111 1113311111 13Ιὸ 3311131311 31111113 13113 331133 3111111131133 31131 31313311 3 jn-
1313313311311111 1131111133 3 331131313131111131113111113 1111311133 313 111311113111111·31113111131·
1113331,133 3311131 31311311133113 1111131113333113· 3 13131331 1111111131 31311311 13 1111331311331
1111111311. 1, n. 13113 111111. 3131119111 1113113113133113133111113111111331. s 111, innon.

 

