58 1903 : IV. t. 33. A 113636313361.

11133 3 33113313333113311, 131313131 11131311 311313133331133113 3133-
331133613, 33 3111111313 e's 3 3311111131 61113133311336 1111131311313133 111111
311113131131313 133311336 1113311113 1311111·131,1331311311131 1133613331 13111
3113331331 3311116333 11133 1311111111 3111 3361131, 3111 11131133 3111111·

63111313 3311111331111131111331,1113161-111313 111131, 3 111131131161161 3 3311111
ἱ 1131 111133 131111 1111113111 1111311311 3331161131131 1611313131 1311 3113131131 113
3 11113131161331 3161313131131111

;21. ὅ. Ugy a 111131133633111311311311331331 311311 3311311111, 1111313 1331-
131313133131133 311311 1611131113 3 11311111311111313111131 1111131131 1331333111-
111116, 13111 3311331316.

1311333316 33 3313111111, 11131131611131113ε
-31113 33311131 3 111313131113131331, 3 1331131 3 8..1113113 3 11. 113
18. 13133131131131331, 33111316 11111131313331 13131;

b) 13 311 1113131 1331111131 131, 3 1331131161 11113111 1131131111311336,3
1131133333 13111 3 3311331333311 33 111131 111313 131131311161 31311113-
1111131133.

113113333116 3 3111311336161 33 3311311111 311131 13113 33 6136111133 3
1611111133 1313311331 11131 11133111 111311 3 13133611113161 3311311311 15 3311
31311 3331 1161311311)

22. 5. 1 1111311336 11131 131311613111133113131 1111111161 1113116131 3 11316
31131131 113 331133331131 3331111133 31366 1133333 1113133311311131, 131331131
311131311331 113 1111131131 1363313113 3331111.

’ 13 6136111 1313631111, 1311316331, 13331631331 13113333361333311316113
331311 3 11311111311113131 1336313111311113111113 133113)

211111111311336, 1113161311 111311131313133311 11113133 1131111611 &s 3 1131-
111131313131· 311131 1111313311311, 3 13133131111131 11111131 333111113111311331131316
1113113131 13 3 13131331331161 31113316-11131131 13331111, 1311311 1131311 13131311
11311111 1331611331.

13 1111333131131313131 3 1333311131ιά6 3331361163 1313111111 111111 3
1131111113ἰηί33 13363131113111113111113 313111)

1111 133111313133331131 e 1 1336311316ςεί 31133 31111313111111111311311 1, ὁ. 1111111115. ,1.
121131333131311 11131. 113 3111311361 63 1111311111 1311116133 1111 13131 3111311331311131111·, 3113-
1133113311111311131 131 1111131111131111111113113131. 11131111 3 11113113111333113113 11131113 1313113111 13111
311331 3311131113111311 113311 1111333331. 3 1333131331 1131313131 1311 131111 311111. 111131 3 1133331131-
1131 13131113 111133313331111 3111113 3131163131131 11113113 111111 1311133333.113113,313 11113113111313 [3113311111
16111131131111133 163331 1113111333. 3 33 31 333363111131. 3131111331 111131113111111, 33333113131113333.

111 13313111 1311136131131131313333133 1 1 ε1111111. 1.-33., 1313311313 31313113 31333111131131-
11311113313113.3111133111331 3331131 31, 1131311311 adon 3311311111 3331 113 3163331311 1311313131
313113111311131. 131113 3331111131 13131131 3333311133 3113111133 1331111111 31.

1 1111113111. ,13131111 Ι1313113 13131311 3 11311111311313131331, 33 331361113131 1111311131 1331133311·
1331 133111333313331.

1116113111111131331 3331111311 311 1111111313 'ek 13, 13311311 113 331131111131113313113113333331113131113111.

111 11111113113111331 1311333611 e 33311333 a). 11) 13 c) 11313131 3131113133131131, 11113113 3331331
1331133133 3311111311 a 1111116311111 33133 az 1113111113 133111111111113331 3111 3313 13133 11131131 , 13111131
3311311111 Ι33111 13133 1111111 13111111113133311331113111. (Min. 11111.)

11111113111313111133 1131111111313311 336 113111311313311 1311333111) 111313313331 3311133313
(13113. 1631111111.11133113.)
Ι’11111 13) ξ, 33 11131. 113113 1111311336 63 11113111 111311313116131111313131111 3333111311 1131331111
1113111

Ι11111131311331 1131111113613 13311311. 313111313113 131131. 1131113331 3131133633 1111311 1133333111·
13333

1 3111113111333111131133131113. 1331 113111 111133 111111111333311111311113. ἀ,
,11111111111111.11111111111.11111111111111111111111111
1111331113 3361111161 33111311331331 3111313331311. 1. 3 uin-&ny 111131131113113 1113131133 113111111-
ῃῖῒῗιὲπξοηιὲ11111 311111111131111113311131331 1113131131161 v. 11. 31111111. ,1.5. 11.. 111. ,1.

 

