1903:11. 1. cz. Α 331113333313333313311 modomasdrbl. 39

3131331 11133331 31311 3 33313333331313331331 33 333133 1331313333 3333311
3331333113331131313333331331 3113 1311331333 133113113133311111313.

A 3331331331133333 3 3133333 133333 33333331 1331131333 33313 33
1911311901111 1331331331 1113333133 863,660133133133333[3333331331 333133-
133 3113311311 3133. 113331331331133333 3 33133311 1331331331 1333331333
1331131311 1333133133 1311113311 1331333331 33 33333331 1311131313 33333
91711310 3133333333 133333313313331331, 133331333133333331133 13311-
131333 33313 3131113 11611110 3313333333 13333313313331331 1333 11.

A 1111311333 1333131331 1113333133 33333 33 331111311 133313 1333131331
33313313311333333 3313333131· 3 1113131133 31333 1333131331 11133331 1333333-
1333331 3133333 1333 3 3333133131313133 33 3 cs. 113. 333133133331133311313131·
31131 333313313133 133331133133113.13 3 3133331333, 3 33131331 11333313 33
1333333333 3113333133 113313131333313333331333 33 3333 11333333133333
331903119111-111 1331331331 1113333113 313331133131133313313311333331 3133-
1313313, 3 3133331· 133333 33333331 33 31133331131 1331133133 1331113311
1331333331 33 33333331 113313131113333331333133 313311333333 11333331133113.

0331331333333133331 33 3311111311 133331 13331313313113331133 33 3 3311133·
3133331333 1311313111, 3 1331331 33331131, 13 33 111313 1331113133 3133331331
333131331333 31311311313331111311 33313333333133331133 33 3333 1311113133
1313331311 1331333133 313 333133 3 133311 1311331131331 33 1113131331 3113133
313113111333333311 333133313333133331 133333331331, 31133133 3 133311 131.
13311131 3333333 33 313131331 3133333 31311311 3133333311 33313333333133331
1313331331.

1331, 3 111 3 131311331331 1333331331 133333113333 313313313333313133-
131333 31333333313331331333131131 113331, 131313331 3313 333133133313111131
3 3333333311313133331 3331331-3331331131133113 333331313 1313133, 3 3331131311
3133 13331311331 3133131333333113 3131133 1113313131. Ha 331331333131311
1333131 3 jelen 1333331 11313133 313 333 1331113133 33111313 1331331331 1333331
13311333333331 1011-31 3331313313, 3 1311131 33313331313311333331131-
11333331 3131313133 1133131311 33313333333133331131 1313311313 13333113.

Nyersczukor 3113333131· 313 33333331-313331331313 31311311 3331313333 31
1333331331 3331133331333 11111 1133131313 33333333133331 90 11133333131
1333331331 333131· 13131 3133.

A 333313331313133 131 33313313 1333131331333 3133 3 33. 111. 3331331
333313331313133331 333313313133, 1133331331331, 1333 331113 13331311 13 333-
33313111 111313333313331133113 3 3331311331133333 3133 333333333133331.
3 31313 3 3331311 [3133133113 1331313 33 131 133 113131313313, 11333 3 3113-
11331331 33313313311333331, 3 1333333133 1311313333 333133313131133 11313 31131-
3133131133 333311333333313111131331 1113333131 11331333, 3 33. 113. 3331331
Ε33311331111313133 13333131313331311313313113333,1333 3313133 13 13 3331111-

3333,

01333 333133, 3 111313 3 133113333313 11313 133331111333311111 333111113111
31131331313 333133333313133331 11333 333133133133313 33311311 333133131133-
131, 3331 3 133113333313 1333113 31313333 1333331133 333133 11331313 3 131-
131111 [3333133113.

A 33313313111111333331 3333333133ῑί 1313331333 1133133 111313 3113311 131·-
3333133333 33311333 1313313311(11

11113 5. 5. 1311313313113 3131 13333333 13333313333311. az 111111 1 113. 1333313133 11131111 1113-

 

