1903: VIII 1. 331331313331131333131. 93

33313113311131 311, 3 1131113113 3311311 113311, 1131333131 33 3331333333311-
331133 13313113.

A 1311333311 3331311331113131331 3333311331313 1311313131313133133111.

A 113311 33333113313313331133313 33 1883. 311 1. 1.-3311331311311)

7. fi. 13133131331311313331111 1311133311 33313133 3 131133313333111333-
1131133331)οηί 311111311313 33113131313131 11131 mais 1113331 1331 1131331-
13133131 33 11133331 11133331 13 3333131331, 3 111 3131313131 131131313133
33111313133 1311333311 3331131133111313311333331 3111331311311)

8. 5. Α 11311333ἀὸ333 3331311311, 33333111 33 333113313113113131333113-
13113311 3 13113131313131 31311111.

11131113, 31131333331133311131313 1113111133 1133311 1311133331, 1113113
1131313131133 113- 33 3331133333311133 33 3331133311 1331333 1113331133 33
3113313133, 111133113133131 133331 13113313311111333111333 1331331133 3331-
131 31113 31311313113131311133 1313331331313113333331133 helye.

1133311313313113331 31133 13313113331313133131313131331 3133111313 33-
3333. ³)

9.3.31113111·133113333331 31311111 3313313133 1313 1133331111 33 333131-
1311 3133111311 33 331313113131313131131 331313313133 3 13113131313133 333-
(1313113133 1113111113 133311)

10. fi. 1131111-831313333331331333 3 313 1313313111 33313331133 33
1131311133, 13311313 13133 1311331 3331131 31311313131313111113111.

A 1311133311 1331331331113131331113311 33333113313331313131133313Η31-
1118313133313313311133 33 3113131131311133 3113311133 1313 1111133133 133-

3311333331 33 1113131131.

A 1131133311313333313 11111113, 3113133333113 3311131313 1113111133 333311
113111333131, 1113113 11313131 31133 Η31111-8313133313313311133 33 311331 13313-
nyekben 11131111131331111 331331331133131333133 1313113333331 133 helya&

’111 11. §- 3 113113331131333 3333333131 Is 3311131333 333331133111 1111331113 1333.

A 3333313331331 3 1131113113131313111131 133311311331333331 333133313331331 11133ιί 113311133131 33-
31333111. 31313331133131133111 3 13111331131113133111331111333111 1311313113.

1113311 3333313331 3131313313 31313 33 11183. Ivi Ι. 1.-3311111311 1331311 1113111333 3311113131
1311311131313113331 venui, (11111. 1311.)

1211 1. g, 1113331133133 33333331111111 1111311111· 13331, 11331 3111313313113133 1311131311 33313133,
131131333131113331, 11111331113133131. 1313)· 1133331 11333 133. 33 3 3331311 33311131 jari) 133111-
3351ῗότί 1333131131 13 3331333331 Is 131 331· 111133 1113311 11333 13111111133 311111113131111 11111.

131311.)

1311 1311333131313 3331 1113311 13113313), 3331311313 133333313311. 13133113133311 3 1131113331-
33113313. 11331 11133133 3133333 31333 1313311313 111333 11313313. 13311331 13331133133111333331
31113333 1313331311- 1331111331113 11311131311313133 311 3311333113. (Mla. 1311.)

14131 1311333131333311 3 1111111 11313313311133 1313 11333313 ³ 133133333113 3313131331 1333-
1313111133313111133331131133, 13111113 33313113111131 ⁴Pontos 13 3113113 1311331113133333311111311333131133
3133111333113333111133113. 113 333111 1333113311 ren 31313111113331113113 mint 13131133 1313313 3 1131-
13131313131 133 1111311333333131 1311313131 3113 3 1311113113 33. 11333 3 113113331111313 3113 131313-
111133131 1311313111131311333 1311313131 ia 133 11113113 3311131131, - - a 11111111 3113131131131313111313-
33133 313311311331131131. ( 1113. 1311.)

1511111131, 1333)· 33 18118 : 111111 1331331331111. ,1-3 1133131333313 Is 1131111831313331331331 331·
Is 3311133333 1113311 1331331311 13313331,13111·1133111 13131133111133)Ι 33 313313 11311131 3 11313 1113-
1331113313 31131313 311 1311333311,1111111313331 333333 1313313311 111. 1-3 3331313133311111111111
1313113131311331111 1331313133 1111111113 11313 31311331113313.

1113111331· 13111 a τι· 13113311313313113311331331311111133ᾱὸ 1331131313 33 111313 1131113133131131331331,
33313113113113111333133 13333311313111331331 311336333333113 1113113,31333313111313313311131-
111-,13131331333133113 1311 1311 13113131.

11333133 33 11113311 1.-13111 111, 1-3311311331133 1333131111331331 13313113111331131111-8313133-
31331331331133 13313313, 311131 133 3333331131 1131111-8313133313313313311111331331313131331111-
13313313113111113333133313 1111331, (1113. 1311.)

 

