8 1903 .· 1. 1. cz. A 1111111111 11111111111111111111111111111111.

11111 az 1111111 1111111111, 11111 1111111111111111111 1111111111 1111-
111111 11 1111111111 111111 11111111 1111111111 1111111111 1111111111, 111111
1111111111 1 111111111111111111 111111111111111ς

.-...- ..-- — .. - —. „A ..-.- -ψ, ——. ... - —- ...- -..-..— .—--—-

11 1897-11 11· 1111111111 11111111 11 1111111 11 11111111 1111111111111.
· 111 1111111 1111111111υῶ 11111111111111111 11 11111111 111111111111111 1111111111, 1111 1111. 11111 1
11111111 1111111111111111111111111 1111111111, 1 1111 11111111111111111111111, ily 1111111 1111111111
1111111111 1111111111111111111111111111111111111111115111111111 1111 111111111111111
1111111111 1111111111 111111111111111 111Ι 11111111111111111111111 1111111111. 11 11111111 1111111111
1111111 1111111 1111111111,1111111 1 1111111111. 11111 1111111 11111, 1111111118111161 ¹22 1 limosum.
1 111111 1111111 1 1111111111 11 1111111 11 1111111 1111111 1111 111111; 11111111 11111, 111111 11111111 111-
1111 111111111111 ki 1 111111111111111 11111 1111 11111111, 11111111 11111, 1111111111 111111 1111111111,
111111111111-111111 1111 11111111111111111 1111111111 1111111111 1111111, 111111 1111111111111
11111, 111, ho 1111111111 1 1111111111111111111, 1111111111 111111111111111 1111111 1111111111
1111111111 11111111. 111111111111111111111111 a 111111-1111111111 11111 1111111111 111111111ιὲ1, vuffingas

11111111 1111111111 111111111 11111111 1111111111 1111111, 11111 1111111111111111111111, a 11111 1111-
1111111 111111 11111111 magns 111111 1111111 1111111111 11111 111111111111111111 111111 11111, s
111111 1 11111111 11111111111111111111111 11111111 1111111111. 11 11 1111111111 1 1111111 111111111-
1111 1111111111 nem 1111 11111111 1111111111.

1111111111 1 11111 1111111111111111 1 11111111, 111111 1 belga 1111111111 1111111111111111111 111118-1111
111111111111111111111111111111111111. 11111111 11 11111111111111, Belgium, 81111111111111, 111111ιί1·
111111, 11111-11111111111, 1111111111, 0111111111111 8111111111 1111111111111111111, 11111111111111111-
111111111 1 111111111111111111111111111111111111 ’1111111111 1111111111 1111111111 1111111 1111111.
1111111111 111111111111 111111. 111 nem 1111111111 111111 1111111111111 1111111111, 111111 11111111·
11111111 0111111111 nem 111111 1111111111 1111111111, 1111111 11111111 1111111 1111111111 11111111 111111-

11111111111111111111111111111111111.111111111111111111 11111 1111111, 111111 nem 11111111 1111111111

1111111111 11111111 1111111111 11 1111111111 1111111111, 1111 111111 1111111111 1111111111 111111111111
11111 111 1 111111 11111111, 1 11111111 1 1111111111, mint 1 1111111111 111111111111111 11111111111111.
, 11111111111111111111111111111111111111.1111 1111111111111111,1111111 1111111111 11111111 meg,
11111 1 1111111111 11111 1111111111111 1111111 1111111111 1111111111111 1111111111 1111111111 1111-
111111ιί1 111111111111111111111.

. 111111111111111 11111111111111 11111111111111 1111111111 111111111111111111111 1111111111111, 111111111-

1111111, 11111111 111111111111111111111,11111111111111111111 1111111111111111111111111 191111. evi
111111111111111111111111 1111111111111, 11111111111111111111, 111 1 11111 11111111 11111111
11111111 1 1111111 1111111111 11 11111111111111111111 1111111111, s 1111111111111111111ῑ 1111111111111
1111111Ιί mai 1111111111 111111111111111111111111, 1111111111-11111111111111 11111111 1111111111, 11111
111111111111111111111111111111111111111111111111111111111.1111111 1 1 [rc 95 11111-11 1111111-
1111111111111 1 11111111111111111111 svm 1111111111 11111 meg,

1111111111, 1111111111 11111111111111111111111, 1111111111 1111111111 a vihigpiaczi 1111. s mind
*11111111111111111111111111111111111111111111111111111 111111111111 11111111 1 111111111111111
11111111ιό111 11111111.

111111111111111111111111111111111111111111111111111111111111111111 1111111 111111 11111111.

011111111111111111-11111111111111111111111111 1111111111 1111111111 1 11111111111111111111, 1111111111
11111111111111 1 11111111111111111111111.

11 augo! 1111111111 11111111 1111111111 11111111 11111111111 1111111111 1111, 1111111111 1111111111
1111111111 111111111111 11 111111 111111111111111111111 11 1111111111111 111111111-1111111111 1111-
11111111111111111111 1111111 11 1111111111 11111111 1111111111 111111111111 1111111111 111111111111
11111111,

11111111111111111111111111 11 1111111111 1111111111 11111111111111111 1111111νὸ 1111111111 mind-
111111-1111111111111111 11111111111-1111111111111 1111111111 1 111111 1111111111 11 1111111111
1111111111 1111111111 1111111111 1111111111 1111111 111111111111111, 1 1111111111 1111111, 111 11111111 11 22111
1111111111, 11111 1111111111, 11111111111111 1111111 1111 [1111111111. 1 1111111111 11111111 01111111111
11 1111111111 1111111111 is. 011111111111111111111 111111111111111111111111111111 1 1111111111 1111-
11111Ιὸ1, 11111 011111111111111 nem 11111111 111111111111111111 11111 11111111 1111111111. 0111111111111111
11 11111111111111111111111111111111111111 111111111111111 11111 11111111.

1111111111. 011111111111111111111 1111111 11111111 1111111111 11 111-11 111111 111111111111111-

11111111111111111111[1111111111 11111111111111111111111111111111111111111. 1 111111 1 arisi
111111111111111111 nem 11111111. 11111111 1 1111111111 1111111, 11111 a 111111111111111111, 1 1111111111·
11111111111111111111111111111111111111111111111111, 111 1111111, 1111 11111111111111 11111111 111
1111111111111111111, 1 11111111, 1 1111111 1111111111 111111111111111111 1111111111111111111111111111·
1111 111111111111111111111111111111111 1111111111 1111111111. 11111 11111111 is 1 1111111111 1111111111
1111 11111111 11111 11111 1111 111111 [1111111111 111 1111111111.
’111111111111111111111111111111111 1111111111111111. 11111 1 111111 1111111111111 11111111 1111111
1111111111111111111111111 111111111111111111 1111 1111111111, 1111111111111 111111 111111111111111
111111111111111116111111111111111 11111111111111111 1111111 111111111111111 1111111111 1111111111 111·

111 sem 1111111. 1111111111 11111111111111, 11111111111111111111111111 1111111111 111, 1 1111111 1111111-

11111111111111 1111111111 1111111111111111111 111111 1111111111 1111111111ιί 1111111111 11111, 111 1111,

 

