11111661. 1. cz. A 11616611 1111111 1611161611. 101

11. Α 66. 111. 1611111 1116161 11111661111161 66516116 1611111 --
1651111161116 1111161 1111 61 6 1661611166,11511165161616115611661161111
6661165161111116111161115161165166 61 1516661111 1665161 61611515 11-

15661611 6 6 261161651111111 1616111 611166 161111 1611611 66511161111661. A 1116611111 1111615 6116
161111 - 6 6161 61 6 1611111615166661651611165 1ο661611116111, 66616111661616166161111611111611,
16666 - 616116 6 1116116 611111 11111. 6 616161 6151111161, 61151116111161611 16 6616 166166116111
,1111161 6 66111166 6 1115111661 11161161111611 6 1111161111 61116116161111 1161611161. 1611611 661
561116, 111151 6111111111 6116161 6651611 6111111116 6611661 1161, 61616 11651661661511161 15161611

6111· 66 111.

3615111611 6111 11116161ὼὸ1 1116111165 6111 611161 16111661 6 1161661111 16 6 Ρ111111116611 11616161
166611111615 1611166ἱ 1611611616. 11611616166161 6 11166116111111615111161611116116, 11516 16166-
1651 1161111161161616111611161 16616 1116116 1611 11161 1111161616 6161111116 1116111161 11
6166111ιὸ 11661116 16516 6115161111 - 1651111 66 6 1111616161 1511666511 61116116161616 111111-
1111 [6111516116 16 6 1111616166 1616661 1111111 ’16 1611 1116161161 - 1111116161166 1111616616

1111ἑ161151611116511666616166 111516116 1611 6111161566. 16511166111611 1111611116 111116111-
ies. . ¹ ¹

’1111111 1151611111116 16116 6 1116661611 1111615, 11151 - 6 61611111 61611111161611 6161161 -6
16116165111116161166111161 511161116 165161166111611 6111611161611 mint 1611111 11651 6111116115-
661111; 111111161116111111166, 6161 1 1116111 6161 16616111116115161111161166 Is 6661111516
1611116661111611111161166611161116 611 11511 616116-1651 11661 6166165616111666161111
6 1116116611 111 661 6511166111, 66661616Ε16116-5611661661[6111611611 11161611 111. 111111651161115
61 11 6166 651 1111161611, 1166 66 1111661111ιὸ 1166111 11161, 6 16611 166116 16616 ’1111161161
1111111516 6611 6161 6115611111 111-1661111, 6 161 6 1111116 1161611111 1111 11511 11616 1111661ὁὶ
1661161111616661116516611111-11161 116111 651 11661 16661611,161116161111611116,11666

11115 6 161116 116166111 16161 6166116, 666611 1616116611 616116 1611 1611111611516161161111.
116611661656111166616161111611151 11616, 6 611 611651 1611661166 1611166166 6 1651111166111
11666 6 11116 1611111661. 1165161616115 1161116 1111111611 oda.

1111116161 111111 11116 1611116116 61 1666611111166111 1611 61161161 16 1 6161661616 6611111161611611
{es 1111661116 1116, 1151 6 16151161611661 665161 1111116161111161611611 1616111666611161 111111161116
ἂι’1111111111111111611111111111111Ι611111111111θ11η11811151111111116111Ιί 161111616661 111116 6511111116116 111611611
1611661116151 6116166161111 1165161616615 11116161, 6161111611 61616116 1111116 1111111 61111 111111615116
1111161 111111611165 6116111616 16161161.

115111 111516516111111, 16516616 11111111111110 161111 1666111 11661, 6166 16611111611116,1 1616
1611656116, 6161 1651561611 6656111111, 6666 166115, 6 1116111616 165111 1111 1151116161
6 1161661111 1616116161161, 61611111661161611116611161161 16 1 16111111161161116111111166111611651
61 6 1161161166, 6 6111 66616161 161616611661511116 666 1111111611116 1116111111, 11 6161 1111611611,
6 1όέ 11111111161 1161111111166116 11116111, 61116161 1611611116 1116611611 11111 11111115111611161611

a 11111111111516116 16116616 111. 1161161 16611, 61161 1161111616116111116161116161111111661116,
1665111116 6111161 61111 6 1661116661 111, 11151 166116565111611111 1111611161161111116616111111·
16111166 16561. 151 16161 1111 1616611111 161611 116111 11161, 6516116 6 1165161 61616515 111161661116666·
66116111616116666661111611616111611111. [1611616661 1611116116 6115, 651116516111611511611111
651 61651116111111111161 1666611 1611161116 11516116111 151, 6 116611116115 11116111· 1611116 161611111-
165. 1111111166 1166161 615161 116611161161111111 116111116,611151611661 6511116116 6661 16161111
,6111611 6 1665161 1111116111, 6516616 1611111 6111611 116111116116116, 16516 16166111 11166111111111-
6151111611616161161611116161 1116. [11111611 1611616111 61 6611111 161661 116 1111 1611661 116
11116111111616. 1116111111 1116611. 611516 16 16161611 1611156616, 6116116 665116161661166 166116 6 6161
1111116 116166111111161 151116116116166611111161611,16661166 611116116116116, 6 1116611611 1111615 1161-
161611 11 1111611 16 1161161661 ’6511116111 61111 661616616111616661116 161111111616616611661,6116116
61116661611111116151 61661111616661111661 16 1611161611 16111661 11661116 6161 166111 11666611
1161151166. 161661111611516561 6151111166 11161611 1111116 611611111116161116611111661111
1116 1611111116 6 116111111165161611516516 111616611161111111111656 1111116 minden 1111111 161161-
116 1111161111. A 111. 1161161 161111 1661611166 1611161116661611 11116151 66611111616116161116116
1111111611116611116611116151616666511116161116. 11111166, 111111111611116616111113-16. 11111111·
s. 1,,11116111111116, 1.. 1611111111 s. 1. 11116. 1“1111ο16111111; 1901-1901. 11111·.1“ν11111. VIII. 1111.
911. 161.

,1 11116116111111161111111151111116611111111161275.11. 1116111111, 111 1111111111 11111111 1111111166

111 61611111161111111166611 661111111111111 1111111166 1161111 1111661611 111116111111116161116-
(61111116611167. 11111161 111111611111116161 trit-wahan.-

11611111 1111166111111ἷ

61115161166516 16611116 111111 8161166 1111616516 16 61166161156111166111. 6. 116166111111111
1111116116, 61, 16661566 161116611661 16151116111166 11111166 18111. 111 11.1111111111111116161111616-

 

1611111616 ⁴

