19011111. 33. Α 113111111103101. ’ ’ ’ 111

313113131313313111 3 131331313133111111 31131313311311 33133 13333131 31
1901. 111 11111311 3111331331131133,-31111131131031131 103311 3131131331
3311113313113 31311111, 3 33 1890. 111 11331313 31311113 33 1901. 111
1113311 111131113113 11331133 113111331, xlx. 1313331, 3. 33131, 1. 131313 31311
1100000 11-131 3313111133311111131111 31111133333313131113333 31.
3.1.11331111131 1111131133 331113 1111 1131113 13 111131311311313
131331313131311111-13 113311131313131111331331 meg.

1v. 1131131333111

[a 11111311311113161,1

(83331131113131311 1111111111 1311331311 11-13. 11111113113131113 10133113311111311111 11103. 111 3111-
113133 11-11 11313111. 3311311133.)

1. FmsszssT.
A 1131313111311111131111311.

1. 5. 1111111131 311313133133 33331331111101 1111313111331 1311313111 az.
311 131103 13133313311111101 1113311313311113 - 1011111113 1113311111

—. ——.-. —... - —.. ..— -·--——-

musso& 13 3111 131111111131131. 3 3111113331 1131313331333 31311113 3331113 33 19111, 111 1113311
3311113113 1311 3113113333 is be 131131 3111133111, 3331113113 1 1311 111 13311 11131331 1311 3331
Ἐθ11111111111111 1111111111131111111 11111111311111111111]
31113 3113 11131111331111 1111133113,11331133 1131111 3 133133 3133131113 111111 1313311113ιό 11131111
1131133113 11113311 1333 31331 113, 1311 33 3 3311331 1311 3111113113113131311 11131331 13 3331 3311
131133ιί11131 1333331 1311331113 1.

1113113 33 113131 3133131111131 1311111311 meg 113 31311311331311111311133 13113311113133113.11311
313113131113313111111113113131 131113 3 1313 331111131311131111 31 3313 31111311311113113113
1331311331 31331313 1133133111 113331131 11131133111133 1111111311 131333111131 3311111133 1113111133 131-
1113311 311331313311 1131111 3133111113 13113331 11133131 1313111131 11311311 3131313. 3331113113 13 13
111117. 111 XX. 1.-33. 111. 11331 131131133133 11131311133 111111311311311113333111111 131331 1313311·-
1331 31313311 1111000 11-311 3311311131331 111111311131 13111 3313331311311, -3313331 111113111311.
1311111131 3111131 3 1333111133111111131333133311131311133 13 3 131313131133133 11333111131311313
113133333313 111113113113 1111131331111113111133 1331311133 3 3111313133 31113111 3131111111 3111
111 111111111111113 11113111

Δ 11113131113 1311131131, 33331 10313311 131111131131, 3131331 13113111131131 13 131111131111, 3
11113131113311 111 1131111131, 31131 1133133111 11133 1131131131-111 331131111131131331311331 1313-
131131 - 1111131333 33 31111111 11311133, 111 3 1313113113 3 1131131131. 31131 13 13333111131111
11111, 1333113131 33 31133 113331 1131113313131111133333 311 11113313 1311113313131333111131 131131-

11113 1, ξ. 31111131113133, 3111 1113 1111131111131311131311. E: 3331111113 1313311313313131331-
331131113313111131,113113313331311313111111311111131311 11333133 3311111311 1113133131 1313131331.
13111 3 1131131131 3113 11333313113, 3111313111111133 13 111313331113311111333333131. Men 111133331111
1313311 13 33 3 11113313, 311331 1111 33 3131131133, 1313111111131313131131113313111113,1113313113
1131311111 311313331311133 11133 31111111131131 131311331113111. 13, 11311 31111313111313111331 1311113-
113313111311131131111, 133113313 11131133333 31 133 1313113ς 333111311133, 311 33 1113131131 11111
1133111111 3 13131113. 311331 311311 113311 111331 1313 1311313131113 13111 3133111113, 1111331 pl. 1131111-
831313331331111111111311, 33311111311111111311133131113.1331Ι 31113111 33 3111113 3 13331313 111111·
311311313313111113111311.1131133111331111111111113111111113,1331“1 1 113333 11331 11113 3313111111.
31311 33113133 1113311113 13111113311111313113113. 3131133 0131333 1111 1311111131331113 13111 1113111.
1111111111111111111111111111111111111 111111111111111111111111

Ι ο s . Δ Ι 1

3111131311 1313131331 33111111331311, 331 33 3113111113 Js 11111311 1113131331 1131131113, 111311311111-
31133 1113113 (mint 3 311331111111 3 3111131 10111 13111 111131, 1133133 1311311311 13131113131111111-
331131133313331111131 13 3 113111 1313113113313111313313133 1111 11113113111113 313131. A 11311
1111111311131111111 333131111331313131 33311311111313111131111313131 11331133 331311 3313111131 1313-
331111101113. 113111· 311 31113111 1311113. 1111113111 133111, 11113113 1311 3311131111 1133311131 1331131311·

 

