1903 .· 11. 1. cz. A 1111111111111-111111111111όά1111111. 35

11111111111111111 1111111111111 11111 megengedett legmagasahb 1111111111

-«..--. .-

11111111111111111111111111 11 111111111111111111111111111 111111 1111111111. 11111111, 1111111 1111111111
11111111111111111111111 11111111 1111111111 11111111, 11 111 11111111111111 1131111111 11111.

Α11111111111111111111111,111111111 111111111111111111 11 1111 11111111 1111, 111111111111111 11111
1111 111111111111111111111111 111111111111111111111 1111111111 1111111111111111111111111111111111111
111911;111’111.,111111111111111 11111 111111111111111 1 11111111111 11111111 11111111111.·Λ 11111111
111111111111 1111111111111111111111 a [111111 11111111111, 1111111 1111111111 11111111111111111111111111111-
kg 1111111111 1111111111111111111111 11111 11111111 111111111111111,111111 1111111111 1111111111 1111111111·
111111 1111111111 11111111111111111 11111111 1111111111 111111 11111111111, 1111111111111111111111111111
ι1111111111111,111111111111111111111111111 11111 1111111111111111 11111111 11111111111131111111-
111,11111ι1“1111111111 1111111111 1111 111111111111 1111111111 111111111111111111111111111111
111 11111111, 1111111111 1111111111 11111111 1111 11111, 11111 11111111111111 1111111111 111111111111111-
111 1111111111.Ε1111111111111111,111111111111111111111111111 11111111111111 161111111111111111
11111111111111111111111111111111111111111111111 1111111111 11 1111111111, 11311111 11111-
11111, 1111111111 11 ism-ih 1111111111 1111111111111 1 11111111 1111111111 1111111111111111111111111111111-
1111111, 1111111111 11111111111 111111111111 1111 1 maga 1111111111 sem 1111111111. A 111111111111
1111111111 1111 1111111 11111111111111111 1111111111 1111111111111, hogy 111111111111111111 1111111111-
1111 1111111111111 a 11111111111111 11111 11111111 111111111111111111111111 levo 1111111111111111-
1111111 11111111 1111111111111111 1111111111111111 1111111111 1111 1111, hogy lehewleg 1111111111
11111111111 11111111111111 1111111111 11111111111111111 11111111111111111 meg 1 1111111111ιί 111111111-
111 11111111111 oly 1111111, moly 11 1111111111 1111111111111 1111111, 1111111111 1 1111111111, 11111111
11111111 111111111 1131111111 11 1111111131 1111111111 111111111111, 11111111111111111 111111111111111111
1111111111 1 1111111111111 11 1111111111 11111111111 11111111 11111111.

Δ. 1111111111 11111111 11111111111111 1111111111 1 1111111111 111111 111111111 1111111 1111111111-
111111111111111111111111111 11111111 111111 11111111. Α ’1111111111111111111111 1111111111111111111111111
1 11111111111111111111 ,111111111111111 11111111 1111 111111111119011111111111111-1111 1111111111Ι 111111111
11111111 1111111111 1111111111 11 11 11111111 11111111 11111111111111111111 11111111111 11111111ἴ1 11111111-
111111111 1111111111 1111111 1111 1111111111. A 11111111111 1111111111111111111 - 111111111131111111
111111111111111111 11311111611 - 1 1111ἴ11111111111111111 1111111111 111111111111111111111 1111111111
11111ἓῖ, 111111111111111111ἶέ1111110111111“1111111111111Ἳὲἷῖ1111111111
111111111111 1111111611 1111111111 1111111111 11111111Ιό11 1111111111 1111111, 11111 111111 minden
11111311111111 1111111111 111 111111 111111 11111111111, 11111 1 11111 11 111111111111 1151111111
1 111111111111111111 111111111111 11111111111111. Α 111 11 1111111111 1111111111111111 1111111 1111 111-
111111111111,111111111111111,1111111111111 1ο 1111111 1111111111 111111111111111111 1111111111111
1111 11111111 meg 11111111, hogy 111111111 111 11111 1111111111111111111111111111 11111111111111111
1111111111 11111111 1111111111 1111111111 11 11111 11111. 1111111111 11111111 1111111111 11111111
11111111-1111111 11111111111111 1 11111111 [1111111111 111111111ᾱό 1111111111 11111γί11111 11 11 1111-
1111111111111111111111111111111111111111 1111111111, 111111 11111111 inger 1111 11111, 11111111
11111111111111111111111 11111111111111111111111ἷί111111ἒῖ11111111111111·
1111111111 11111111111111111 11111111 111111111111111,1 111111111111111111 111 1111111111 11111 1111
111111111111 11111111 1111111111111111 gondoskodou 11111, 11111 ily 1111111111111111111111111111111.

11111111 111111111111111111 1111111 11 1111111 11111111 1 11111111111111 1111111111 1111111111111-
111 0111111 11116111, hogy 11111111 1 maga 1111111111 1111111111 1111111111111, 1111111111 1111111111-
11111111 1111111111 111111111111111111 11111111111111111111 {igy 11111311111111 11111111111, 111111 111111
1111111111111111111 11111111111 111 11. 1111111111 1 11111111111111111111111111 11111 11 abb
1111111111 11111 1111111111, 1111111111111111111, 11111111 1111111111 1111111111 111111111111 11-
111 oly 1111111111 1111111111, 1 nuely 111111111 11111111111111111111111111 11111111 11 ίξῖ 1113111111111
11111111 1 1111111111111111111 11111111, hogy 1111111111 11 1 1111111111 11111111111 1111 11111111 111111-
11111 111111 11111111111111 111111111111.

1111111111111 111111111111111 111111111111111111111111,11111111111111 1111111111 11111111111
11111111111111511111111111111111111111, 11 19113-11 1111111111 1111111 11 1111111 1111111111 1111111111
11111111 11111 1111111111 1111 11111111 1111 111111 1 1111111111 11111111111111 [1111111111 11111 1111111111-
111 1111111111 11111. 1111111111 nem [1111111111.11111111111111111111 111111111111111 1111111111-
1111111 1111111511111111111111111111111111111111 1111111 1111111111, 1111 11111111 1111111 11111111 1111-
11111111111111111, 11111111111111111 11 1111111111 1111111 1111111111 11 {g 1111111111111111
111111111111 1111111. A 1111111111111111111111111111111 1111111111111111111111,1111111111111111111
11111 111111111111 11 nem 111111111111111111111 [11111111111111111111111111111111111111111111111
1111111111,1111111111111111111 1111111111 111111111 1111111111111111111111 1111111111 1111111111
gondos 1111111111 11111 1111111111111111, 1111111 11111111 11, hogy 1111111111, 11111111111111111111
1 11 1111111111 111111111111111111111 11 1111111111111111111111 1111111111, a 1111111 1111111111
11111111111 11111111111111111 1111111111 111111111111 1111111111 1111111. 1111111111111111111111111-
111111111 11111111111, 11111 1 1111 111111 11 11111111) 1111111111 1111111111111 111111 1111 [offiseztfisi

111
1111111111ιό 11111, 11111 1 1111111111. 11111111111 1 11111111111111 1111111111 11111111. 111111 11111111
1 1111111111 111111111111111 111111111111111111111 1111111 1111 11111111.

11111, 11111111 1 11111111111 1111111111111111111111111 1111111111, 111111111111111111111111

,5,

 

