111 19111· 11. 1. cz. A 1111111111-11111111111111111111111111.

81111111 111111111111 1111111111 1111111111 1111111 11111111111111, vagy
1111111111 1111111111 11111111111111111 111 1111111111111 111111111111
1111111 1111111111 1111111111 111111 11111111 1111111111 1111111111, 11111111111
1111 1111111115.

1111111111111111 11111 1111111111 1111111111311111111 111111111111111111111-
11111111 1111111 1111 113111111111111111)

7. fl. 11 11111111111111111111 111111111111111111,11131 111 a czukrot,a mely
1111111 111111111111111111111111111 1111111111 nem 11111111 11111111111111·
1111111111 11111111111111 111, az 11111111111111 1111111111 111111111111 111111·

11111111111111.-1 1111111111111115. 5-2. 1 11111 11111111111 1111111111 111111111111111 11111111111111111111,
1 1111111111 1111111111 3. §thaz 1111111 11111111111111111111 1111111111 11111111111111 11111111 111111111-
111111, 111111 11 111111111111111 1111111111 11111111111111111111111111111 111116 1111111111 11111111 11111111
111111 1111111111111111111 111111 meg. 11 1111 111111111111111111 1111111111111111111111111111111111111111111
1111111111 1111 11111111111111111111111111111111111, 1 111111 1111111111 111 1111111111111111111111111111111-
11111, 1. i. 1111111111 1111111111 1111111 111111111111. 11111111111111111111 11111111111111 1111113111111111.
,1 11111111 111111 1888111111111111111111 1 1111111111 11111111 1111111111 1111111111 11111111 1111111111·
11111, 111111111111111111 1 1111111111111111111111 11 1 1111111111 1111111111 1111111111 1111111131111
1111111111 111111 a [knyleges 11111111111111 1111111111 1111 1111111111111111 111111111111 11111111111111,
hogy 1111111111 111111 111111111111111111111111 111111111111111 11111111 1111111111111111. 11111111 1 1111·
1111311111111111 111111111111111111111 1111, 111111 {cayeu 1 1111111 1111111111 11111111111111111, 11111, 11111
111111 11111111 11111111 11111111 1111 11111111111111 11 11111111 11111111 11111111 11111111 1111111111 1111111
11111ιό11 11111 a 1111111111 11111111 1111111111111111 1 1111111111 1111111111 11111111111111111111 111111·
11111111111, addin a 1111111111 1111111111 1 111111111111111 11111111111111111111, 111111 1111111 111·
11111 11111111 1111111111111 1111111111 11111111 11111111. 1311111111111 11111111111111,11111111111111111111
1111111111 1111111111 11 111111 1111111111111111 11111 1111111111111111 111111111111111111 1111111111111
111111111111111111111111.111111111111111111111111111111111111 11111111 1111111111 1111 11 1111
11111111111111111111 111111111111111111 111311111111111, 1111111111111 111111 1111111 11111 111111111-
11111 111111111ῑὸ11 1 1111111111, 1 1111111111 11111111 1 1111111111 11111111111111111111111111111111 111111-
11111111 11111111111111111111. ,1 1111111111 111111 az 111113119111-1111 1111111111 1111111111. az 111111
11111111-1111111111111111111. 1111111119111-1111 1111111111 1111111111 3331831 mm. fogyaszusi 11111-
11111111111111111-111 11111111111111111111 [111111 3513313 1111. [1111111111 11111111 11111 1111111·
1111111111111111111111111111111111 11111111 511111 11111 11111111111111 1111111111 111111111111111111111
11111111111111111111111111111111111. 1111 111111 11 11111 11111111-1111111· 11111111111111 3111111101) mm.
[1111111111 11111111 111111. 1111111 1111111111111111111111(111111 1 1111111111 1111111111 1111111111 11111111
1111111111 1111111111 111111111111111111 1111111-1111111111111111111111 ily 111111 111 menn '-
11111111 1111111111111111111101111. 1111111111 1111111, 11111111111111111111 11111111111111111111 111111111-
111111111111111111111 1111111111 11 111111111111111111111 11 1111111111 a 111111111111111111111111111
1111111111ιί 11111111111111111111111111111111111111111111 1111111111111111111111. 111 1111111111 11111111
[1111111111 11111111 111111111111111. Α 11111111 111111111111111111 111111111111111111111111191111119111-111
1111111111 1111111111 [1111111111 11111111111111111 8111111111. T. 1. 1111111111111 1111111111111-
1111 11 11111111 1111111111 1111111 111111111111111111111 1111111111111115511851111 mm. [1111111111 1111111 11
31111311111111111111111111.111111111111111111111111 1111111111 1111111111111111111111111111111 111111111-
111111 :samm mm. fngyaszlhsi 11111111 1133111111 11111. 11111111111111. 1111111111-Η1111111111111111111-
111111111111111111113 1111. [1111111111 1111111, a 111111111111 1111111111 111111111111 313 11111. 1111111111ιί
11111111. 1111111111111111111111111 1111111111 1111111111 1111111111 11 11111111 1111111 1111111111111
1111111113 111111111111111 111111111111111111111. 1111111111111.1111111111 11111111111111 1111111 [111111
111111111111 1111811113 111111. [1111111111 11111111, 1111111111 1111111111 11111111 11111111111111111 111111-
1111 1111111111 111111111111 11 1111111111 1111111111 1111111111111111111811311831 11111.111111111111111111·
113311611511111. 1111111111111.11 1111111111111111 1111111111 1111111111 111111111111111 31111113 mm.
sogyaszffisi 1111111113) 1111. 11111111111111. 1111111111 11111111111111111111111 111111111111111 11311 111111.
11111111111111111, 1 11111111111111 111111111111111111 nur-27 mm. 1111111111 11 ι111113 mm. 111111-
1111111.111111111111111 11111111 11111111 1111111111 1111111 111111111111111 3111115518 11111. roms-nisi
1111111 11 3311111 1111. 111111111111ς 1111111111 11 111111111111111 11111111 [1111111 111111111111111111111111111111.
[0811811131 11111111ς [luy. 111111 1 1111111111 1111111111 1111111111111111111111 1111111111111111111111111-

111111111ἆ11111111 111111111111111111 111ῖὲ138111 1111111111111 1111 111 1111 1111111111 &mosum mm.
1111111111 1111111111 1 1111111111 11 1111111111111111 1111111 1111111111 *muno 111111, 1111111111 11111 111-

11111113,1131.1111111111.11 11111111111111-1111 111111111111111111, 111181118181111 11 1151538111 111-

11ἷ1111111111111111111111111111111111111111111118113.11·“1ῖ·.18,11111111111 1111111111 1111111111 1111111-
11111- 1111111111111 [111111111113111111111. s 1111111 1111111111111 1111 1 11111111111111 11111111111
1111111111, 1111111111111, 8113111111 111111. 1111111111 1111111111 111111111111.

1111 11111111111111111.1-11 111111111111111111 nimy 1111111111 11111111111111 1111111,ῑὶ 111, 11111111111111
11111111111111111111111111111111111 1111111111 11111 1111111111 11111111111111 11111111111111111111. 1 moly
11111111 1 1111111111 1111111111· 1111111111 11111111111111111111, 111111.

 

