76 1903.- V. 1. cz. 13116111133311133333333319333131313311133361.

12. 5. 13 3111111111, 311 331111331611331 3333 33311331111331, 3331133
3 1316313 3333 1316313111333131113331333 131313313361133 3311131333 3113-
13131333 nem 31333113, 3333 33161133 31313131 313311 1311113131 111331
31; 63 33 31111111 3331133 100 1333311313313111311 363311313113331, 33 316111
33311333 331113 3331633313 1331311113ῑό 3131313331 63 1001333311313113113
11311 313311313113331 1131313316(υ

13. fi. 13 3 1111111111, 3 11 131331 3333116111 3 31133 3333331311 ida
3131113 nem 1313311, vagy 33 5. §- 3313133133 113333 13163311 1313311111333
33 3113333331311 1116 31311 nem nyilatkozik, 11113331 11133131 es 600 13-
33311313313111311 363311313133331 1131313311.

11. 11. Ebben a 1133333133 33111311 11311313 313116313311613

1. 113333333333333 >

a) 113-33333313333331333 3 113331331136ς [11333133 113133331313 113-
36331133 3 331133111313331 33113111333331163313 3133311 133.133113333;

b) 3133331133 3 33316313311333;

3) 13133331 3331331131333133 3 3., 1.. 5. ds 133133 3 133333, — 3
10. §ra 31333 3 33313311313331 m. 113. 31133333163363 1113313333, 1113133
hel 311333.

1. 133311-8313333333331331133 33 311331 111333333133331311113131331. 1313
331111131 11316313

3. A 1311333163363 13113131 1331131133 3 1311333311 33316313311133ς 3331-
3313131631331331 3331311333313 31133 313131133 131633331133 [31333133
1313113333331 van 11313312)

15. 3. 11133113333313 11111131 1111313331 1133311333 3333111131 11131316
1313131131 3331333111

1. 133333333313333

111311 13133 113- 33 333311333331133 3113331331136, 111316133 3 333133-
1313ό; 11133316313133331313 11333331133 3 33313316313331 m. 113111331-
33311633333133311 1331131333 3331133311 1333333 3311313313163131133331

1,Α 11. 5. 3136 sorahan 3 3111111113 131331111133311ῑ «a knlffildineb: 3313 361331113131633. 13333.
313113. 133333 13.

111 V. 1. 15. §-

1133333133 33333331, 311313 11, §.nith 3333113 3113311313313 1⁰2. 1-311 13, 3 3131333111-113331-
133 311111 1333311133 1313311· 311111 13333113») 33333131, 1113111133 3613311131 1333111331.

[1333333331311331111 33311333 331113 3333 3311ι 3333111313, [iay 311313 [33331636 531311 is. 3-
1. 5-31131133331311 13611331113331 3133131316133111133331 1131133313. (1133. 16313333. mom.)

1111.3136333113331313311ε 33311113316133,111333111ε 333111133111163313ε 3313 3613311133
1633. 13333. 1133113. jan-usone.

12111131 3333 33 1311311333 1311313113133 13 113331131311. 3111116111313313 1111331331 11131 3111113 33313-
33113113363313 333113113333331 3331 1313333311, 131111 13 33 33 1. 13111 33311631 1131131333 1333 1133111-
333111. 113333131 11. §a 3331313 33311631 13113133131-1333111113311 113333333331331 111311 -
minden 111313 11313133 313311 3333311131 13 1311333113. 113 3 1131131331 31313113333131 3133131311»
313331 van 13133, 33 3 1131333331131133 6113111333 31331111 1113311331 . (1113. md.)

1 11 3311 [3113131131 3 ι), ξ. 1133331133311 1113331311 31333 3 3113331311 31133113333113311313
3 111331113ῑό 1313133113133131 testi:

3 ξ. 3136331133 3333 333331 31. 13111 3333111313, 111133333111ς

ac) pont 3333 333331 «1131333333 3 3311331313υεί 33113. 311333333163313 1613311333», 11-
11333331111 3 113133113133316ῑ 3113133331 3311331131333133 3 3., 1., 5. 13 7. 33133 3 1331333,
13Ἶ113ἐ 3331133 31133311-83133333333131133 az» 3331313113113133311333111ῑ 3311331113333331333-
113111 113.»

1133333 3331313131316111 1331331133 3113111113 13133113133 1313333116ε

«1 . A 13113333163313 1131633131 1331113113 3 1311333111 33316313311133.3 (11133. 1111313333. bitom.)

11 11. ks 15. §5 3131 3 1113311313 3 2 ·Ι. 313111 331133331333113 3111331113331 3113113 3113331311331
3 1361331113131133. 13333. 113311313131633.

 

