84 1903: VI. t. 33. ,133113311133361

11 11113131 63331133 3 3331631 111313161131313113133313331311ε

1. 1113613133 113- 63 333316331331133 3 163331331136, 11316133 333133·
1136, 3331133311 1331331163 163113313163131 133331 13133113311 1133331133 3
33316313311133, 1113161331313311333, 3331 313611333131133 333113 3 133133
11131 3 3133133 313311331111331313316.

11133113133111363333316336331133 63 3331133311 13313311 11333311313
33 3113313, 163363313163131 133331 131331133113133331133 3133133.

Η33133113133; 3 13113331313133.

11311333313311331611333133, 3313311311113331 13 111133331313 163313311311
Ι311361313331331113111331133313 13331633, 3133113133 3 1613311133 1333
313311333.

Ι1133313113133ι 3 131133311313131.

1. 133311-831313333331331133 33 311331 1633113331 3333131 11311133 163-
1331331131 1316311331.

3. Α 1311333316336313163131 1331113113 33 31361316 3331631 1631316 11-
3131361313 1311333111 33316313311133 333133311311)

16. 5. 1116311133 113113113131131 11311331 3331311333131331 3 ministerium,
11333131131131313163331313133, 133111-831333331331331133 Η33111-8313-
133-1131311133331331 113131133111 133312)

—··——- ..—-—- . .-.-.. . .. ..-.—-

1111 16. §- 31631133 333131133631111131316 333311613111113 31, 1113111 1313133133 3 111131331361
33116 1631133 113333113613133. y

11333 33 3 16311331313313113 1331311 33311631 1333133311 131131311331331 13 111313131331 1311113
{effen 3333111316. 3311131313. 133ζ 33311131 11113613 1316313311 11131 111313113331 133133313331111161.

36331333 111131316133616 113131616331313 1133133111333 333331, 1333133 16111313ὴ 1. 53
6113131133 3331 3311131311316, 3 11 3113133313, 31133113 1333333113333313331131161 133113 1113113131
113311, 3 1311111113331113131133, 1333 31113 1131133 1111111311 3111113131 13313113 33 18116. 131 93291.
33. 11113331131331331 31111313133313 3113113 331313 1311333633 11113111 3111111 1116 11113131 1313631ῑί
1111313331. mli? 1113111133 33 1111331131 111331133633313331113311111131331113131633311133 1113311311
m 11111111311131331 331131 13111131313311331131331 1113111-331111631 1111 133131 11131316 33313133-
3331311131, 3 311 33311 13131311311, 3111113111316111331631133 11131 3131111333131113, 1111113331
1631133133 3331311331331 31333611131331 31331331111361 13333 3 1631133 1311311111.

Α 3331631 1131313113 313133113113 1113111113 1131631331113333333331333 3311101111 XX. 1.-33. 3111
33313113313313313133131316133131131 3133331613311611. 1313 1131111-531333333331331133 33 311331161-
1331111111111311111110191111111111111110111111111Μ1111113133 111163 1113311 16333311331331 3113133311, 33 3333
133311316133 1133311 163113313333131 31113131131133 1311113311 3131111 1311331331 11133311, 13331
1131113333163313 111311313ῗί 311 1331336 1111111133331131111313311111631 33113311 113331 is 3331 1313163113
1111 1333331. 1 111111 .

1 16. 5. 3136, 3113311111) 13 1313131111 1111311131. 11 33 1. 3131116) 1311113131313131 3333 1. 9., 3133131
1111311113331 113133131ιά6, - 33331311 3 15. 3. 1311111133133 11113316331133613 316133333316ι

31. 1113613133; 113-13 113313’163··133111·11 3163331331116, 1113111133 3331331136, 333 3331113313311 11
163313313163131333331 1313311331 1133331133 3 33316313311133. 1113161113 1313311333, 3331 3111111333-
131133 333113 3 1311133 11131 1 31331133 13331133116331313116.

111331113133; 113- 11· 33331633133111311 113313331113313311 1133331133 33. 31133113, 11311111313113131
13333113131311113311 3113331133 3ῑ1311133.

33313 3 ’33ε 3 13 n 1131313 er.

113111 3333 ,1. 6-11 31111111 161311136113 3161131333116ι

13. 3 13113333161313113111131311311111113331131113111 11311631 11111316111113 1311133111 13316313311131
3331333131 (1133131133. 1133113.) ’

12111631133113111113111113311331331 133311311333131131313111111331311 3313111333163133,11113133,
161113311113113111 1111111161,Ι 11113, 3 1611633 161631131311 13313 3331 3 11111113133133131111311311 313 ς
113333331133ἰ33311ὖ.11111(ἐ )33131311 111113331133 331113 33 11168111 XXX. 1.-33. 111, 31331 1311313111·
Ι113 33 331 ·. 113311 .

A 161) 1. 3318118ε1111. 1.-33111131 1131111111 1613331 33311311331131 13 3133333331131 6313133111
1113113131 161311136133 3363333331ιά6 '

11] 1631133 113113113131131 11131331 31331311131131131 a 313111331333, 1131311331111131 3 131133-
minister, 1131111-5311133333133111

ὁ, u Ι 33 1133111-6113133-1131311133331331 11333 11133111 3133, 1 (1131113333.
133 3,

 

