1903.- VI. 1. 11. 11 111111111111. 83

11 11111111 111111111111 11111, 11111, 1111111111111111 1 111111111 11111111-
11111111111111111111, 11111 11 11111111 111111111111111 1111111111

[1111111111 11 1111111111, 11111111111111, 1111 11 11111111111111 111
111111111111111111 111; 1111 1111111111 1111111111 1111111111 1111 1111111
1111111 1111111111 11111 1111111111 11111111 1111)

11. θ. 1 1111111111 1111111 111111111111 1111, 1111111 1111111 1111111
1111111111 1111111 1111111111 1111111111111 111111111 1111111 11 111111-
1111111 111113
Χ12. 1. 11 11111111 111111111111111 1111111111 11111111111 111 11, 1111-
11111111111111 1111111111111111 11131

13. ᾗ. 11111111111111111111111111111 11 Η11111-511111111111111111 1
111 1 111111111 1111111111 11111 1111111111111111 111111111111 1111111111-
111 1111111111)

111. 11 1111111111 11111111111111111 1111111111111111111111 1 1111111-
minister, Ηο1111-811111111111111111 1111 111111111111 1111111111111111)

15. §- A ki 1111111111, 1111 1111 111111111111111111111111111, 111111-
1111111111 111111111111 11111111, 1111111111111111111111 11111 11111111-
1111111111111, - 1 1111111111 11 111111111111 1111111111 1111111111 111
11111111 - 111 111111111111111111 1111111111 11 100111111111111111111
111111111111111 1111111111.

111 111111 A. ,1. 1111111111 1111111111111111111111111111111111111 11-
11111 111111 11 111111 1111111111, 1111111111111111111111111111111111111111,
1111 1 1111111 11- 1111 11111. 15 111111111111111111111111111 11111 1111
11111111111111 111111111111111 1111111111.

-.. .-...——--- ‚.—--—.....—.... ——-—-—- --ae-—- -- --- --Ν w.. — —- .---—

111111111111 1 11111111111111111111 1111111 1111111111 11 11111111, 111111111111111, 11111 11. 1111
1111111111 11111111 1111111111 1111111111 11111111111111, Ε1 1111111111111111111111111111 111111, 1111-
111111έῖ 11111111111111 1111111111111 11111111 1111111111, 11 11111111111111111 1111111111111 1111111111
use 1111111111.)

A 1111111111111 1111111111 11111 111111111111 1111111111, 1111 1 111. S. 1111 111111111111 1111111111
111111 1111111111111111 111111111111 1111111111 11111111111111. (1111. 11111111 , 1111111.)

A 1111. 1-11 11111111111111-11 >urban 1 onem 111111 1111111111111111 ι111111 1111111111-

111111111111111111 - 1111111111111111111111111 11111111111111111. (11111. 11111. 1111111.)
1211 1111111111 11111111 111111111111 1111111111 1111111 111111111111 11111111 111111111111111111111-

1111111111111 11111111 1111111111. 1111111111 1 11111111 11. §— 1111111 11111111 11111111111111
1111111 11111111111111111111111 1111111111111111 11111111. (Min. ind.)

1311 11. 1-1111111111111111111111111111 1111111111 11111111 1111111111111 1111111111 11111111-
11111111. 131111111111611111111111111. 1111111111111 1111111111111111 1111111111 1, 11-
11111111 111111111111111 1111111111 1111111111111 ne- legyenvk. (11111. 11111. 1

1111111111111111111113. §Aban soglalt 1111111111111111111 1111111111 11111 111111111111111111.
11111111111111111111 111111 1111111111 111111111111 1111111111, 1111111 11 1111111 111111ιόιιοῑόεεί1
113111 1111111111 1111111111111 11111111.

11111111 1111111, 11111 1 13. 1-111 1111111111 111111111 11111111111111 1888. 111 111. 111111111111-
1111111111111111 11. 1111111111 11111111 1111111111111 11111111 nem 1111111111. ( 11111. ind)

A 13. ,1-1111 11111 11111 11111111 1111111 11111111111111111111111111111111111 11 a 1111, 1111
811111 11111111 fel: «A'elhatalmaztatnak 1 11111111111111111 As 11111111- 11111111111111111 1 Mn.»
(11111. 1111111111. 11111111.)

A 13. ξ, 1111111111111111111111111ε

11111111111111111 a 11111111111111111, 11 1Ι111115111111111111111111 1 1111 1111111111 1111111111
1111111 11111111111111111111111111111 1111111111111 1111111111 (11111. 111111. 11111111.)

15111 1111111111 1111111111111,1111111111111111111111111111111111111, mint eddig is, Agy 1111111 is, 1
11. 11. 1111111 1111111111 1111111 11111111 1111111111, 11111 1111111 111111111111111, 1111111 1111111 1111111·
11111 11111111 1111111111 111111111111111111111111111, 11111111111111111 11111111111111111,1111111111

11111 1111. 11111111.
ἱ A 11. 1111181111 ; 1111. 1.-11, 111111111111111 1111111111111111111111111111111111111111111111111·

u :

ἰ11110111111111 1111111111111111111111111 111111111111111 1 1111111111111111. 1111111-8111111111111111111
1 1111111111111111111111111 mega) (11111. 11111. 1111111. 1

6*

 

